0 0 0.06 -2.81341071676004
0 1 0.94 -0.06187540371809
-1 -1 1 0
27 -1 1 0
12 12 0.5 -0.693147
15 15 0.0606061 -2.80336
52 52 0.5 -0.693147
24 24 0.315789 -1.15268
26 26 0.5 -0.693147
27 27 1 0
53 53 0.666667 -0.405465
22 22 0.5 -0.693147
57 57 0.125 -2.07944
42 42 0.25 -1.38629
43 43 0.0714286 -2.63906
56 56 0.0833333 -2.48491
47 47 0.5 -0.693147
49 49 0.5 -0.693147
46 46 0.5 -0.693147
54 54 0.0833333 -2.48491
1 0 0 -inf
58 53 1 0
42 33 0.75 -0.287682
43 34 0.928571 -0.074108
39 25 0.666667 -0.405465
34 19 0.888889 -0.117783
49 34 0.5 -0.693147
31 15 1 0
45 27 1 0
32 9 1 0
46 19 0.5 -0.693147
52 23 0.5 -0.693147
54 13 0.916667 -0.0870114
56 6 0.416667 -0.875469
57 6 0.875 -0.133531
12 58 0.357143 -1.02962
11 55 0.193548 -1.64223
11 41 0.580645 -0.543615
21 50 0.387097 -0.949081
1 1628118884 0 -inf
6 32 0.48 -0.733969
15 40 0.363636 -1.0116
3 28 0.516129 -0.661399
4 28 0.5 -0.693147
40 57 0.583333 -0.538997
16 32 0.315789 -1.15268
40 55 0.416667 -0.875469
21 35 0.580645 -0.543615
33 47 0.277778 -1.28093
34 46 0.111111 -2.19722
33 43 0.722222 -0.325422
39 44 0.333333 -1.09861
3 5 0.354839 -1.03609
25 27 0.84 -0.174353
56 58 0.5 -0.693147
1 2 1 0
2 3 1 0
3 4 0.129032 -2.04769
4 5 0.5 -0.693147
5 6 1 0
6 7 0.52 -0.653926
7 8 1 0
8 9 1 0
9 10 1 0
10 11 1 0
11 12 0.225806 -1.48808
12 13 0.142857 -1.94591
13 14 1 0
14 15 1 0
15 16 0.575758 -0.552069
16 17 0.684211 -0.37949
17 18 1 0
18 19 1 0
19 20 1 0
20 21 1 0
50 51 1 0
51 52 1 0
23 24 1 0
24 25 0.684211 -0.37949
25 26 0.16 -1.83258
26 27 0.5 -0.693147
53 54 0.333333 -1.09861
21 22 0.0322581 -3.43399
22 23 0.5 -0.693147
28 29 1 0
29 30 1 0
30 31 1 0
41 42 1 0
35 36 1 0
36 37 1 0
37 38 1 0
38 39 1 0
55 56 1 0
47 48 0.5 -0.693147
48 49 1 0
44 45 1 0

0 0 0.00001 -11.5129254649702
-1 0 0.00001 -11.5129254649702
36 1300 1 0
4 0 1 0
48 1310 1 0
45 1307 1 0
9 2 1 0
11 4 1 0
50 1309 1 0
10 2 1 0
51 1308 1 0
12 0 1 0
15 0 1 0
19 2 1 0
21 4 1 0
20 2 1 0
58 1304 0.545455 -0.606136
53 1298 0.333333 -1.09861
58 1303 0.454545 -0.788457
8 94 1 0
22 0 1 0
24 0 1 0
27 0 1 0
37 2 1 0
39 4 1 0
38 2 1 0
2 263 1 0
42 0 1 0
43 0 1 0
46 0 1 0
47 0 1 0
14 73 1 0
49 0 1 0
17 73 1 0
52 0 1 0
54 0 1 0
55 494 1 0
56 0 1 0
57 0 1 0
29 263 1 0
6 226 1 0
28 242 1 0
16 226 1 0
53 263 0.333333 -1.09861
33 1202 1 0
40 628 1 0
35 226 1 0
44 428 1 0
53 628 0.333333 -1.09861
26 381 0.5 -0.693147
26 188 0.5 -0.693147
30 188 0.666667 -0.405465
1 1296 1 0
7 1302 1 0
3 1297 1 0
5 1298 1 0
13 1304 0.692308 -0.367725
13 1303 0.307692 -1.17865
23 536 1 0
18 1298 1 0
30 1307 0.333333 -1.09861
25 1299 1 0
31 1304 1 0
34 1306 0.444444 -0.81093
34 1305 0.555556 -0.587787
32 1301 1 0
41 536 1 0

1 0 0.9 -0.105360
0 0  0.1 -2.302585

1 2
27 -1 
