0 0 0.01 -4.60517018598809
0 1 0.33 -1.10866262452161
0 2 0.33 -1.10866262452161
0 4 0.33 -1.10866262452161
-1 -1 1 0
26 -1 1 0
9 -1 0.006986 -4.9638471325975
11 -1 0.003333 -5.70388247965653
21 -1 0.006296 -5.06784076786704
25 -1 0.1 -2.30258509299405
9 10 0.863014 -0.147325
9 26 0.13 -2.04022082852655
11 26 0.33 -1.10866262452161
11 22 0.666667 -0.405465
21 26 0.29 -1.23787435600162
21 22 0.703704 -0.351398
25 26 0.9 -0.105360515657826
4 12 0.308523 -1.17596
5 12 0.572308 -0.558078
13 19 0.37246 -0.987624
13 18 0.209932 -1.56097
1 4 0.533981 -0.627396
4 7 0.217287 -1.52654
17 19 0.497297 -0.698567
2 4 0.627907 -0.465363
14 16 0.264865 -1.32854
22 24 0.538168 -0.619585
4 6 0.0840336 -2.47654
5 7 0.215385 -1.53533
1 2 0.466019 -0.763528
2 3 0.372093 -0.988611
3 4 1 0
12 13 1 0
13 14 0.417607 -0.873214
14 15 0.735135 -0.307701
15 16 1 0
16 17 1 0
19 20 1 0
20 21 1 0
22 23 0.461832 -0.772554
23 24 1 0
24 25 1 0
17 18 0.502703 -0.687756
18 19 1 0
6 7 1 0
7 8 1 0
8 9 1 0
9 10 0.866197 -0.143643
10 11 1 0
4 5 0.390156 -0.941208
5 6 0.212308 -1.54972

0 0 0.00223713646532438 -6.10255859461357 
-1 0 0.00223713646532438 -6.10255859461357
5 884 0.335385 -1.09248
9 4 0.907692 -0.0968498
7 2 0.653846 -0.424883
11 6 0.0691057 -2.67212
7 1 0.346154 -1.06087
11 5 0.0691057 -2.67212
8 2 0.0615385 -2.78809
13 6 0.0857788 -2.45598
11 4 0.166667 -1.79176
8 1 0.0615385 -2.78809
13 5 0.0880361 -2.43001
11 3 0.178862 -1.72114
13 4 0.189616 -1.66275
11 2 0.174797 -1.74413
10 495 0.0731707 -2.61496
13 3 0.185102 -1.68685
10 494 0.853659 -0.158224
11 1 0.300813 -1.20127
13 2 0.225734 -1.4884
12 495 0.0880361 -2.43001
17 6 0.0864865 -2.44777
12 494 0.826185 -0.190936
13 1 0.225734 -1.4884
17 5 0.0864865 -2.44777
17 4 0.162162 -1.81916
17 3 0.167568 -1.78637
17 2 0.248649 -1.39171
16 495 0.0864865 -2.44777
16 494 0.827027 -0.189918
17 1 0.248649 -1.39171
21 4 0.918736 -0.0847566
19 2 0.6614 -0.413397
19 1 0.3386 -1.08293
20 2 0.0541761 -2.91552
26 7 1 0
25 6 0.0954198 -2.34947
20 1 0.0541761 -2.91552
25 5 0.0992366 -2.31025
25 4 0.19084 -1.65632
25 3 0.19084 -1.65632
25 2 0.194656 -1.63652
24 495 0.103053 -2.27251
24 494 0.79771 -0.22601
25 1 0.19084 -1.65632
9 1249 0.0923077 -2.38263
11 1251 0.00406504 -5.50533
11 1250 0.00406504 -5.50533
11 1249 0.00813008 -4.81218
11 1248 0.00813008 -4.81218
11 1247 0.00813008 -4.81218
5 1240 0.332308 -1.10169
11 1246 0.00813008 -4.81218
4 1238 0.122449 -2.10006
5 1239 0.332308 -1.10169
4 1237 0.127251 -2.06159
4 1236 0.123649 -2.0903
4 1235 0.12605 -2.07107
15 1245 0.198529 -1.61682
4 1234 0.122449 -2.10006
2 1232 0.0891473 -2.41747
4 1233 0.127251 -2.06159
15 1244 0.191176 -1.65456
2 1231 0.0891473 -2.41747
14 1242 0.145946 -1.92452
21 1249 0.0812641 -2.51005
14 1241 0.145946 -1.92452
25 1251 0.00381679 -5.56834
25 1250 0.00381679 -5.56834
8 74 0.0794872 -2.53216
25 1249 0.00763359 -4.8752
8 459 0.074359 -2.59885
25 1248 0.00763359 -4.8752
23 1245 0.198347 -1.61774
25 1247 0.00763359 -4.8752
23 1244 0.198347 -1.61774
8 264 0.0666667 -2.70805
25 1246 0.00763359 -4.8752
2 643 0.0930233 -2.37491
22 1242 0.194656 -1.63652
22 1241 0.20229 -1.59805
2 642 0.0930233 -2.37491
8 455 0.0794872 -2.53216
2 641 0.0930233 -2.37491
2 639 0.0930233 -2.37491
2 638 0.0930233 -2.37491
8 451 0.074359 -2.59885
20 74 0.0722348 -2.62783
20 459 0.0767494 -2.56721
3 827 0.25 -1.38629
20 264 0.0722348 -2.62783
20 455 0.0722348 -2.62783
14 831 0.151351 -1.88815
3 820 0.25 -1.38629
20 451 0.0767494 -2.56721
6 239 1 0
22 831 0.198473 -1.6171
18 239 1 0
8 30 0.074359 -2.59885
20 30 0.0767494 -2.56721
1 7 1 0
3 388 0.25 -1.38629
8 762 0.0641026 -2.74727
8 366 0.0794872 -2.53216
20 762 0.0744921 -2.59706
4 357 0.128451 -2.0522
8 361 0.0769231 -2.56495
8 551 0.0666667 -2.70805
20 366 0.0722348 -2.62783
20 361 0.0767494 -2.56721
15 934 0.205882 -1.58045
14 932 0.151351 -1.88815
15 933 0.205882 -1.58045
2 920 0.0891473 -2.41747
4 921 0.122449 -2.10006
14 931 0.264865 -1.32854
2 919 0.0891473 -2.41747
20 551 0.0722348 -2.62783
2 918 0.0891473 -2.41747
2 917 0.0891473 -2.41747
23 934 0.198347 -1.61774
22 932 0.198473 -1.6171
23 933 0.198347 -1.61774
14 731 0.140541 -1.96226
22 931 0.103053 -2.27251
8 334 0.074359 -2.59885
22 731 0.103053 -2.27251
8 520 0.0666667 -2.70805
15 526 0.198529 -1.61682
10 521 0.0731707 -2.61496
12 521 0.0857788 -2.45598
20 334 0.0767494 -2.56721
16 521 0.0864865 -2.44777
3 506 0.25 -1.38629
23 526 0.206612 -1.57691
20 520 0.0722348 -2.62783
24 521 0.0992366 -2.31025

1 0 0.1 -2.30259
2 0 0.327247 -1.11704
4 0 0.52809 -0.638489
0 0 0.044663 -3.10860986062111

1 6
9 11 21 25 26 -1 