0 0 0.06 -2.81341071676004
0 1 0.5 -0.69314718055994
0 2 0.5 -0.69314718055994
-1 -1 1 0
11 -1 0.1 -2.30258509299404
11 11 0.9 -0.10536051565783
9 -1 0.01 -4.60517018598809
9 9 0.16 -1.83258146374831
9 10 0.83 -0.18632957819149
1 1 0.666667 -0.405465
8 3 0.214286 -1.54045
4 9 0.214286 -1.54045
2 6 0.214286 -1.54045
4 6 0.214286 -1.54045
1 2 0.333333 -1.09861
2 3 0.785714 -0.241162
3 4 1 0
4 5 0.571429 -0.559616
5 6 1 0
6 7 1 0
7 8 1 0
8 9 0.785714 -0.241162
10 11 1 0

0 0 0.00001 -11.5129254649702
-1 0 0.00001 -11.5129254649702
3 494 0.357143 -1.02962
4 0 1 0
8 4 0.857143 -0.154151
6 2 0.571429 -0.559616
6 1 0.428571 -0.847298
2 683 1 0
8 2 0.142857 -1.94591
7 0 1 0
9 0 1 0
11 0 1 0
1 263 0.333333 -1.09861
5 263 0.625 -0.470004
5 239 0.375 -0.980829
3 1304 0.142857 -1.94591
10 1311 1 0
3 1303 0.5 -0.693147
1 1297 0.333333 -1.09861
1 1296 0.333333 -1.09861

1 0 0.5 -0.69314718055994
2 0 0.4 -0.91629073187415
0 0 0.1 -2.30258509299404

1 3
9 11 -1 
