HEADER
INTESTAZIONE
-1 29 0
0 29 0
1 22 0
2 22 0
3 22 0
4 13 0
5 13 0
6 13 0
7 26 0
8 26 0
9 29 0
10 15 0
11 26 0
12 26 0
13 14 0
14 14 0
15 14 0
16 14 0
17 14 0
18 14 0
19 26 0
20 15 0

PUBBLICAZIONE
0 29 0
-1 29 0
1 21 0
2 21 0
3 21 0
4 21 0
5 21 0
6 21 0
7 36 -2
8 36 -2
9 36 -2
10 21 0
11 37 -2
12 21 0
13 37 -2
14 21 0
15 21 0
16 21 0
17 38 -2
18 21 0
19 36 -2
20 36 -2
21 36 -2
22 21 0
23 21 0
24 21 0
25 38 -2
26 21 0

FORMULAINIZIALE
0 29 0
-1 29 -1
1 17 -1
2 17 -1
3 17 -1
4 30 0 
5 30 0
6 17 -1 
7 17 -1

CNR
-1 29 0
0 29 0
1 26 0
2 26 0
3 13 0
4 13 0
5 26 0
6 15 0
7 26 0
8 26 0
9 14 0
10 14 0
11 14 0
12 26 0 
13 26 0
14 26 0
15 26 0
16 16 0

DDL
-1 29 0
0 29 0
1 22 0
2 22 0
3 22 0
4 39 0
5 39 0
6 29 0
7 15 0
8 13 0
9 13 0
10 13 0
11 41 0
12 14 0
13 14 0
14 14 0
15 16 0
16 40 0
17 40 0
18 41 0
19 41 0
20 41 0
21 41 0
22 41 0
23 41 0
24 41 0
25 41 0
26 41 0
27 41 0
28 41 0

REGREG
-1 29 0
0 29 0
1 13 0
2 13 0
3 13 0
4 13 0
5 29 0
6 14 0
7 14 0
8 14 0
9 29 0
10 15 0
11 16 0
12 29 0
13 29 0
14 29 0

DELIBERA
-1 29 0
0 29 0
1 22 0
2 22 0
3 22 0
4 26 0
5 13 0
6 26 0
7 26 0
8 26 0
9 14 0
10 14 0
11 14 0
12 26 0
13 26 0
14 26 0
15 15 0
16 26 0
17 26 0
18 26 0
19 43 0
20 43 0
21 43 0
22 26 0
23 16 0
24 16 0
25 26 0
26 26 0
27 30 0
28 13 0
29 13 0
30 13 0
31 26 0
32 26 0
33 26 0
34 26 0
35 26 0
36 26 0
37 36 0
38 36 0
39 36 0
40 26 0
41 16 0
42 16 0
43 26 0
44 26 0
45 26 0
46 26 0
47 44 0
48 26 0
49 45 0
50 26 0
51 26 0
52 44 0
53 26 0
54 46 0
55 26 0
56 46 0
57 26 0
58 26 0

REGCOM
-1 29 0
0 29 0
1 22 0
2 13 0
3 26 0
4 15 0
5 26 0
6 14 0
7 14 0
8 14 0
9 16 0
10 26 0
11 26 0

FOOTER
FORMULAFINALE
-1 29 0
0 29 0 
1 18 -1
2 18 -1
3 18 -1
4 18 -1
5 18 -1
6 18 -1
7 18 -1
8 18 -1
9 18 -1
10 18 -1
11 18 -1
12 18 -1
13 18 -1
14 18 -1
15 18 -1
16 18 -1
17 18 -1
18 18 -1
19 18 -1
20 18 -1
21 18 -1
22 18 -1
23 18 -1
24 18 -1
25 18 -1
26 18 -1
27 18 -1
28 18 -1
29 18 -1
30 18 -1
31 18 -1
32 18 -1
33 18 -1
34 18 -1
35 18 -1
36 18 -1
37 18 -1
38 18 -1
39 18 -1
40 18 -1
41 18 -1
42 18 -1

DATAELUOGO
-1 29 0
0 29 0
1 19 0
2 19 0 
3 19 0
4 19 0
5 19 0
6 19 0
7 19 0

SOTTOSCRIZIONI
-1 29 0
0 29 0
1 27 1
2 27 1
3 27 0
4 27 0
5 27 0
7 27 1
8 27 0
9 27 0
10 27 0
11 27 0
12 28 1
13 28 0
14 28 0
15 28 0
6 29 0

ANNESSI
0 29 0
1 31 0
2 31 0
3 32 0
4 32 0
5 33 0
6 33 0
7 33 0
8 25 0
9 25 0
