0 0 0.04 -3.2188758248682
0 1 0.24 -1.42711635564015
0 3 0.24 -1.42711635564015
0 5 0.24 -1.42711635564015
0 8 0.24 -1.42711635564015
2 3 0.906149 -0.0985517 
4 8 0.915033 -0.0887955
7 8 0.949239 -0.0520951
2 8 0.0161812 -4.1239
4 4 0.0326797 -3.421
2 5 0.02589 -3.6539
1 2 1 0
3 4 1 0
5 6 1 0
6 7 1 0
8 9 1 0
9 9 1 0
2 2 0.0517799 -2.96075
4 5 0.0522876 -2.951
7 7 0.0507614 -2.98062

0 0 0.00105152471083070452 -6.85751406254539
2 0 0.00105152471083070452 -6.85751406254539
4 0 0.00105152471083070452 -6.85751406254539
7 0 0.00105152471083070452 -6.85751406254539
9 0 0.00105152471083070452 -6.85751406254539
3 268 0.5 -0.693147
3 267 0.5 -0.693147
5 222 0.5 -0.693147
8 415 0.2 -1.60944
8 26 0.2 -1.60944
1 963 0.125 -2.07944
1 962 0.125 -2.07944
1 961 0.125 -2.07944
1 960 0.125 -2.07944
1 959 0.125 -2.07944
1 958 0.125 -2.07944
5 956 0.5 -0.693147
6 957 0.5 -0.693147
8 955 0.2 -1.60944
8 954 0.2 -1.60944
8 953 0.2 -1.60944
1 353 0.125 -2.07944
1 350 0.125 -2.07944
6 316 0.5 -0.693147

1 0 0.506329 -0.680568
3 0 0.303797 -1.19139
5 0 0.126582 -2.06686
8 0 0.06 -2.81341071676004
0 0 0.0032911 -5.71653342358163

1 4
2 4 7 9 
