0 1 0.32 -1.139434283
0 3 0.32 -1.139434283
0 5 0.32 -1.139434283
0 0 0.04 -3.218875825
-1 -1 1 0
11 -1 0.1 -2.302585093
11 12 0.9 -0.105360515
15 -1 1 0
16 -1 1 0
6 7 0.85 0.162518929
6 9 0.1 -2.302585093
6 -1 0.5 -0.69314718 
12 12 0.666667 -0.405465
2 2 0.592593 -0.523248
12 16 0.0864198 -2.44854
3 5 0.285714 -1.25276
7 9 0.0740741 -2.60269
5 6 1 0
7 8 0.925926 -0.0769611
8 9 1 0
9 10 1 0
10 11 1 0
1 2 1 0
2 3 0.407407 -0.897942
3 4 0.714286 -0.336472
4 5 1 0
12 13 0.246914 -1.39872
13 14 1 0
14 15 1 0

0 0 0.00001 -11.5129254649702
-1 0 0.00001 -11.5129254649702
1 1267 0.909091 -0.0953102
2 0 1 0
5 495 0.333333 -1.09861
5 494 0.333333 -1.09861
6 0 1 0
9 2 0.482759 -0.728239
11 4 0.758621 -0.276253
4 1263 1 0
9 1 0.517241 -0.659246
10 2 0.0689655 -2.67415
10 1 0.0344828 -3.3673
11 2 0.241379 -1.42139
3 1258 1 0
13 2 0.4 -0.916291
15 4 0.55 -0.597837
12 0 1 0
13 1 0.6 -0.510826
14 2 0.1 -2.30259
14 1 0.1 -2.30259
15 2 0.45 -0.798508
10 74 0.0689655 -2.67415
10 459 0.0689655 -2.67415
10 264 0.0689655 -2.67415
14 74 0.1 -2.30259
10 455 0.0689655 -2.67415
14 459 0.1 -2.30259
14 264 0.05 -2.99573
10 451 0.103448 -2.26868
14 455 0.05 -2.99573
14 451 0.05 -2.99573
7 239 0.0740741 -2.60269
8 226 1 0
10 30 0.103448 -2.26868
14 30 0.05 -2.99573
7 388 0.925926 -0.0769611
1 188 0.0909091 -2.3979
10 762 0.103448 -2.26868
14 762 0.05 -2.99573
10 366 0.0689655 -2.67415
14 366 0.05 -2.99573
10 361 0.0344828 -3.3673
10 551 0.103448 -2.26868
14 361 0.1 -2.30259
14 551 0.05 -2.99573
16 536 1 0
10 334 0.0344828 -3.3673
5 521 0.333333 -1.09861
14 334 0.1 -2.30259
10 520 0.0689655 -2.67415
14 520 0.05 -2.99573

1 0 0.344828 -1.06471
3 0 0.58 -0.544727175
5 0 0.0689655 -2.67415
0 0 0.006207 -5.082077592

1 5
6 11 15 16 -1 
