0 0 0.2 -1.6094379 
0 4 0.4 -0.91629073
0 5 0.4 -0.91629073
7 7 0.634146 -0.455476
5 5 0.04 -3.21888
8 8 0.233333 -1.4552887
1 1 0.0714286 -2.63906
3 3 0.77193 -0.258862
3 1 0.189474 -1.66351
8 5 0.333333 -1.09861
4 1 1 0
3 9 0.0385965 -3.25459
6 8 0.375 -0.980829
5 6 0.96 -0.040822
6 7 0.625 -0.470004
7 8 0.365854 -1.00552
8 9 0.333333 -1.09861
9 10 1 0
10 11 1 0
11 12 1 0
1 2 0.928571 -0.074108
2 3 1 0
8 -1 0.1 -2.3025851
12 -1 1 0
-1 -1 1 0

7 307 0.0243902 -3.71357
3 301 0.0561404 -2.8799
3 108 0.00350877 -5.65249
7 301 0.0243902 -3.71357
8 109 0.037037 -3.29584
8 300 0.037037 -3.29584
5 293 0.04 -3.21888
3 97 0.0385965 -3.25459
3 92 0.0210526 -3.86073
3 91 0.00701754 -4.95934
3 86 0.00350877 -5.65249
4 78 1 0
1 74 0.1 -2.30259
1 66 0.0857143 -2.45674
6 69 0.0833333 -2.48491
1 63 0.0142857 -4.2485
12 74 0.785714 -0.241162
7 69 0.097561 -2.32728
3 64 0.00350877 -5.65249
1 62 0.128571 -2.05127
1 254 0.0142857 -4.2485
1 60 0.0142857 -4.2485
3 61 0.00350877 -5.65249
7 64 0.0243902 -3.71357
2 250 0.830769 -0.185403
3 250 0.0140351 -4.26619
3 249 0.0385965 -3.25459
8 254 0.037037 -3.29584
6 250 0.625 -0.470004
8 59 0.037037 -3.29584
9 446 1 0
1 245 0.0142857 -4.2485
8 444 0.037037 -3.29584
1 243 0.0285714 -3.55535
3 50 0.0210526 -3.86073
1 241 0.0714286 -2.63906
3 436 0.00350877 -5.65249
1 240 0.0142857 -4.2485
1 239 0.0142857 -4.2485
1 431 0.1 -2.30259
8 244 0.037037 -3.29584
8 437 0.0740741 -2.60269
3 432 0.00701754 -4.95934
3 45 0.00350877 -5.65249
1 236 0.0285714 -3.55535
3 429 0.00701754 -4.95934
8 240 0.037037 -3.29584
1 233 0.0285714 -3.55535
8 239 0.0740741 -2.60269
8 431 0.037037 -3.29584
8 236 0.0740741 -2.60269
3 419 0.00350877 -5.65249
3 418 0.00701754 -4.95934
1 29 0.0142857 -4.2485
3 224 0.0280702 -3.57305
8 422 0.0740741 -2.60269
3 417 0.00350877 -5.65249
3 31 0.00701754 -4.95934
1 221 0.0285714 -3.55535
3 223 0.00350877 -5.65249
7 419 0.0487805 -3.02042
3 221 0.0175439 -4.04305
1 219 0.0142857 -4.2485
3 220 0.00350877 -5.65249
5 220 0.16 -1.83258
7 221 0.0243902 -3.71357
3 217 0.00350877 -5.65249
1 22 0.0285714 -3.55535
1 21 0.0285714 -3.55535
8 28 0.148148 -1.90954
7 217 0.0243902 -3.71357
3 211 0.0105263 -4.55388
6 214 0.166667 -1.79176
3 18 0.00701754 -4.95934
1 401 0.0142857 -4.2485
8 22 0.037037 -3.29584
3 210 0.0140351 -4.26619
3 15 0.0245614 -3.70658
7 18 0.0243902 -3.71357
3 13 0.0140351 -4.26619
3 205 0.00350877 -5.65249
3 204 0.00701754 -4.95934
3 203 0.00350877 -5.65249
1 392 0.0428571 -3.14988
3 394 0.00350877 -5.65249
8 392 0.0740741 -2.60269
5 194 0.8 -0.223144
3 192 0.00350877 -5.65249
3 189 0.0105263 -4.55388
3 188 0.0245614 -3.70658
10 194 1 0
1 374 0.0285714 -3.55535
1 181 0.0285714 -3.55535
11 190 1 0
3 180 0.0175439 -4.04305
7 183 0.170732 -1.76766
1 369 0.0142857 -4.2485
3 371 0.0105263 -4.55388
1 175 0.0428571 -3.14988
7 180 0.0243902 -3.71357
8 178 0.037037 -3.29584
3 172 0.00701754 -4.95934
8 366 0.037037 -3.29584
3 168 0.0245614 -3.70658
7 172 0.0243902 -3.71357
7 168 0.0243902 -3.71357
3 357 0.00350877 -5.65249
12 169 0.0714286 -2.63906
3 159 0.0140351 -4.26619
3 349 0.0105263 -4.55388
3 143 0.00350877 -5.65249
3 335 0.0175439 -4.04305
3 142 0.0245614 -3.70658
3 140 0.0807018 -2.51699
7 143 0.0243902 -3.71357
3 332 0.00350877 -5.65249
7 335 0.0487805 -3.02042
7 142 0.0243902 -3.71357
7 140 0.0731707 -2.61496
3 329 0.0175439 -4.04305
7 332 0.0243902 -3.71357
6 136 0.125 -2.07944
3 133 0.00350877 -5.65249
7 135 0.0487805 -3.02042
2 322 0.169231 -1.77649
12 134 0.142857 -1.94591
3 125 0.0666667 -2.70805
3 124 0.0526316 -2.94444
3 123 0.0561404 -2.8799
3 122 0.0596491 -2.81928
3 121 0.045614 -3.08754
7 125 0.0487805 -3.02042
7 124 0.0487805 -3.02042
3 120 0.0140351 -4.26619
7 123 0.0243902 -3.71357
7 122 0.097561 -2.32728
1 305 0.0285714 -3.55535
3 307 0.0315789 -3.45526
8 117 0.0740741 -2.60269
1 110 0.0285714 -3.55535
0 0 0.00223713646532438 -6.10255859461357 
-1 0 0.00223713646532438 -6.10255859461357

4 0 0.34375 -1.06784
5 0 0.55625 -0.58653745
0 0 0.1 -2.3025851

1 3
8 12 -1 
