30 30 0.4 -0.91621073
30 0 0.2 -1.6094379
30 3 0.2 -1.6094379 
30 5 0.1 -2.2217851
30 11 0.05 -2.9957323
30 13 0.05 -2.9957323
0 1 1 0
1 29 1 0
29 2 1 0
2 2 0.5 -0.69314718
2 3 0.2 -1.6094379 
2 5 0.2 -1.6094379
2 11 0.05 -2.9957323
2 13 0.05 -2.9957323
3 4 1 0
4 5 1 0
5 6 0.5 -0.69314718
5 7 0.5 -0.69314718
6 7 1 0
7 8 1 0
8 9 1 0
9 28 1 0
10 11 0.5 -0.69226710
10 13 0.5 -0.69226710 
11 12 0.7 -0.27667494
11 13 0.3 -1.1159720
12 13 1 0
13 14 1 0
14 15 0.3 -1.1159720
14 17 0.1 -2.2217851
14 18 0.1 -2.2217851
14 21 0.17 -1.3862144
14 22 0.17 -1.3862144
15 16 1 0
16 17 0.6 -0.51081762
16 18 0.4 -0.91621073
17 18 1 0 
18 19 1 0
19 20 1 0
20 28 1 0
21 22 1 0
22 23 1 0
23 24 1 0
24 25 0.5 -0.69226710
24 28 0.5 -0.69226710
25 26 1 0
26 28 1 0
27 28 1 0
28 28 1 0

0 194 0.7 -0.35667494
0 221 0.3 -1.2039728
1 321 1 0
29 119 0.5 -0.69314718
29 226 0.5 -0.69314718
3 115 0.5 -0.69314718
3 116 0.5 -0.69314718
4 10 1 0
5 367 1 0
6 14 1 0
7 1 0.3 -1.2039728
7 2 0.7 -0.35667494
8 185 0.071428571 -2.6390573
8 167 0.071428571 -2.6390573
8 242 0.071428571 -2.6390573
8 38 0.071428571 -2.6390573
8 237 0.071428571 -2.6390573
8 187 0.071428571 -2.6390573
8 235 0.071428571 -2.6390573
8 17 0.071428571 -2.6390573
8 388 0.071428571 -2.6390573
8 292 0.071428571 -2.6390573
8 274 0.071428571 -2.6390573
8 132 0.071428571 -2.6390573
8 1 0.071428571 -2.6390573
8 2 0.071428571 -2.6390573
9 4 1 0
10 5 1 0
11 336 0.5 -0.69314718
11 337 0.5 -0.69314718
12 262 0.5 -0.69314718 
12 413 0.5 -0.69314718
13 182 1 0
14 433 1 0
15 257 1 0
16 1 0.2 -1.6094379
16 2 0.2 -1.6094379
16 3 0.3 -1.2039728
16 4 0.3 -1.2039728
17 122 1 0
18 1 0.3 -1.2039728
18 2 0.7 -0.35667494
19 185 0.071428571 -2.6390573
19 167 0.071428571 -2.6390573
19 242 0.071428571 -2.6390573
19 38 0.071428571 -2.6390573
19 237 0.071428571 -2.6390573
19 187 0.071428571 -2.6390573
19 235 0.071428571 -2.6390573
19 17 0.071428571 -2.6390573
19 388 0.071428571 -2.6390573
19 292 0.071428571 -2.6390573
19 274 0.071428571 -2.6390573
19 132 0.071428571 -2.6390573
19 1 0.071428571 -2.6390573
19 2 0.071428571 -2.6390573
20 4 1 0
21 122 1 0
22 1 0.3 -1.2039728
22 2 0.7 -0.35667494
23 185 0.071428571 -2.6390573
23 167 0.071428571 -2.6390573
23 242 0.071428571 -2.6390573
23 38 0.071428571 -2.6390573
23 237 0.071428571 -2.6390573
23 187 0.071428571 -2.6390573
23 235 0.071428571 -2.6390573
23 17 0.071428571 -2.6390573
23 388 0.071428571 -2.6390573
23 292 0.071428571 -2.6390573
23 274 0.071428571 -2.6390573
23 132 0.071428571 -2.6390573
23 1 0.071428571 -2.6390573
23 2 0.071428571 -2.6390573
24 4 1 0
25 257 1 0
26 1 0.2 -1.6094379
26 2 0.2 -1.6094379
26 3 0.3 -1.2039728
26 4 0.3 -1.2039728
27 5 1 0
2 1 0.00223713646532438 -6.10255859461357
2 2 0.00223713646532438 -6.10255859461357
2 3 0.00223713646532438 -6.10255859461357
2 4 0.00223713646532438 -6.10255859461357
2 5 0.00223713646532438 -6.10255859461357
2 6 0.00223713646532438 -6.10255859461357
2 7 0.00223713646532438 -6.10255859461357
2 8 0.00223713646532438 -6.10255859461357
2 9 0.00223713646532438 -6.10255859461357
2 10 0.00223713646532438 -6.10255859461357
2 11 0.00223713646532438 -6.10255859461357
2 12 0.00223713646532438 -6.10255859461357
2 13 0.00223713646532438 -6.10255859461357
2 14 0.00223713646532438 -6.10255859461357
2 15 0.00223713646532438 -6.10255859461357
2 16 0.00223713646532438 -6.10255859461357
2 17 0.00223713646532438 -6.10255859461357
2 18 0.00223713646532438 -6.10255859461357
2 19 0.00223713646532438 -6.10255859461357
2 20 0.00223713646532438 -6.10255859461357
2 21 0.00223713646532438 -6.10255859461357
2 22 0.00223713646532438 -6.10255859461357
2 23 0.00223713646532438 -6.10255859461357
2 24 0.00223713646532438 -6.10255859461357
2 25 0.00223713646532438 -6.10255859461357
2 26 0.00223713646532438 -6.10255859461357
2 27 0.00223713646532438 -6.10255859461357
2 28 0.00223713646532438 -6.10255859461357
2 29 0.00223713646532438 -6.10255859461357
2 30 0.00223713646532438 -6.10255859461357
2 31 0.00223713646532438 -6.10255859461357
2 32 0.00223713646532438 -6.10255859461357
2 33 0.00223713646532438 -6.10255859461357
2 34 0.00223713646532438 -6.10255859461357
2 35 0.00223713646532438 -6.10255859461357
2 36 0.00223713646532438 -6.10255859461357
2 37 0.00223713646532438 -6.10255859461357
2 38 0.00223713646532438 -6.10255859461357
2 39 0.00223713646532438 -6.10255859461357
2 40 0.00223713646532438 -6.10255859461357
2 41 0.00223713646532438 -6.10255859461357
2 42 0.00223713646532438 -6.10255859461357
2 43 0.00223713646532438 -6.10255859461357
2 44 0.00223713646532438 -6.10255859461357
2 45 0.00223713646532438 -6.10255859461357
2 46 0.00223713646532438 -6.10255859461357
2 47 0.00223713646532438 -6.10255859461357
2 48 0.00223713646532438 -6.10255859461357
2 49 0.00223713646532438 -6.10255859461357
2 50 0.00223713646532438 -6.10255859461357
2 51 0.00223713646532438 -6.10255859461357
2 52 0.00223713646532438 -6.10255859461357
2 53 0.00223713646532438 -6.10255859461357
2 54 0.00223713646532438 -6.10255859461357
2 55 0.00223713646532438 -6.10255859461357
2 56 0.00223713646532438 -6.10255859461357
2 57 0.00223713646532438 -6.10255859461357
2 58 0.00223713646532438 -6.10255859461357
2 59 0.00223713646532438 -6.10255859461357
2 60 0.00223713646532438 -6.10255859461357
2 61 0.00223713646532438 -6.10255859461357
2 62 0.00223713646532438 -6.10255859461357
2 63 0.00223713646532438 -6.10255859461357
2 64 0.00223713646532438 -6.10255859461357
2 65 0.00223713646532438 -6.10255859461357
2 66 0.00223713646532438 -6.10255859461357
2 67 0.00223713646532438 -6.10255859461357
2 68 0.00223713646532438 -6.10255859461357
2 69 0.00223713646532438 -6.10255859461357
2 70 0.00223713646532438 -6.10255859461357
2 71 0.00223713646532438 -6.10255859461357
2 72 0.00223713646532438 -6.10255859461357
2 73 0.00223713646532438 -6.10255859461357
2 74 0.00223713646532438 -6.10255859461357
2 75 0.00223713646532438 -6.10255859461357
2 76 0.00223713646532438 -6.10255859461357
2 77 0.00223713646532438 -6.10255859461357
2 78 0.00223713646532438 -6.10255859461357
2 79 0.00223713646532438 -6.10255859461357
2 80 0.00223713646532438 -6.10255859461357
2 81 0.00223713646532438 -6.10255859461357
2 82 0.00223713646532438 -6.10255859461357
2 83 0.00223713646532438 -6.10255859461357
2 84 0.00223713646532438 -6.10255859461357
2 85 0.00223713646532438 -6.10255859461357
2 86 0.00223713646532438 -6.10255859461357
2 87 0.00223713646532438 -6.10255859461357
2 88 0.00223713646532438 -6.10255859461357
2 89 0.00223713646532438 -6.10255859461357
2 90 0.00223713646532438 -6.10255859461357
2 91 0.00223713646532438 -6.10255859461357
2 92 0.00223713646532438 -6.10255859461357
2 93 0.00223713646532438 -6.10255859461357
2 94 0.00223713646532438 -6.10255859461357
2 95 0.00223713646532438 -6.10255859461357
2 96 0.00223713646532438 -6.10255859461357
2 97 0.00223713646532438 -6.10255859461357
2 98 0.00223713646532438 -6.10255859461357
2 99 0.00223713646532438 -6.10255859461357
2 100 0.00223713646532438 -6.10255859461357
2 101 0.00223713646532438 -6.10255859461357
2 102 0.00223713646532438 -6.10255859461357
2 103 0.00223713646532438 -6.10255859461357
2 104 0.00223713646532438 -6.10255859461357
2 105 0.00223713646532438 -6.10255859461357
2 106 0.00223713646532438 -6.10255859461357
2 107 0.00223713646532438 -6.10255859461357
2 108 0.00223713646532438 -6.10255859461357
2 109 0.00223713646532438 -6.10255859461357
2 110 0.00223713646532438 -6.10255859461357
2 111 0.00223713646532438 -6.10255859461357
2 112 0.00223713646532438 -6.10255859461357
2 113 0.00223713646532438 -6.10255859461357
2 114 0.00223713646532438 -6.10255859461357
2 115 0.00223713646532438 -6.10255859461357
2 116 0.00223713646532438 -6.10255859461357
2 117 0.00223713646532438 -6.10255859461357
2 118 0.00223713646532438 -6.10255859461357
2 119 0.00223713646532438 -6.10255859461357
2 120 0.00223713646532438 -6.10255859461357
2 121 0.00223713646532438 -6.10255859461357
2 122 0.00223713646532438 -6.10255859461357
2 123 0.00223713646532438 -6.10255859461357
2 124 0.00223713646532438 -6.10255859461357
2 125 0.00223713646532438 -6.10255859461357
2 126 0.00223713646532438 -6.10255859461357
2 127 0.00223713646532438 -6.10255859461357
2 128 0.00223713646532438 -6.10255859461357
2 129 0.00223713646532438 -6.10255859461357
2 130 0.00223713646532438 -6.10255859461357
2 131 0.00223713646532438 -6.10255859461357
2 132 0.00223713646532438 -6.10255859461357
2 133 0.00223713646532438 -6.10255859461357
2 134 0.00223713646532438 -6.10255859461357
2 135 0.00223713646532438 -6.10255859461357
2 136 0.00223713646532438 -6.10255859461357
2 137 0.00223713646532438 -6.10255859461357
2 138 0.00223713646532438 -6.10255859461357
2 139 0.00223713646532438 -6.10255859461357
2 140 0.00223713646532438 -6.10255859461357
2 141 0.00223713646532438 -6.10255859461357
2 142 0.00223713646532438 -6.10255859461357
2 143 0.00223713646532438 -6.10255859461357
2 144 0.00223713646532438 -6.10255859461357
2 145 0.00223713646532438 -6.10255859461357
2 146 0.00223713646532438 -6.10255859461357
2 147 0.00223713646532438 -6.10255859461357
2 148 0.00223713646532438 -6.10255859461357
2 149 0.00223713646532438 -6.10255859461357
2 150 0.00223713646532438 -6.10255859461357
2 151 0.00223713646532438 -6.10255859461357
2 152 0.00223713646532438 -6.10255859461357
2 153 0.00223713646532438 -6.10255859461357
2 154 0.00223713646532438 -6.10255859461357
2 155 0.00223713646532438 -6.10255859461357
2 156 0.00223713646532438 -6.10255859461357
2 157 0.00223713646532438 -6.10255859461357
2 158 0.00223713646532438 -6.10255859461357
2 159 0.00223713646532438 -6.10255859461357
2 160 0.00223713646532438 -6.10255859461357
2 161 0.00223713646532438 -6.10255859461357
2 162 0.00223713646532438 -6.10255859461357
2 163 0.00223713646532438 -6.10255859461357
2 164 0.00223713646532438 -6.10255859461357
2 165 0.00223713646532438 -6.10255859461357
2 166 0.00223713646532438 -6.10255859461357
2 167 0.00223713646532438 -6.10255859461357
2 168 0.00223713646532438 -6.10255859461357
2 169 0.00223713646532438 -6.10255859461357
2 170 0.00223713646532438 -6.10255859461357
2 171 0.00223713646532438 -6.10255859461357
2 172 0.00223713646532438 -6.10255859461357
2 173 0.00223713646532438 -6.10255859461357
2 174 0.00223713646532438 -6.10255859461357
2 175 0.00223713646532438 -6.10255859461357
2 176 0.00223713646532438 -6.10255859461357
2 177 0.00223713646532438 -6.10255859461357
2 178 0.00223713646532438 -6.10255859461357
2 179 0.00223713646532438 -6.10255859461357
2 180 0.00223713646532438 -6.10255859461357
2 181 0.00223713646532438 -6.10255859461357
2 182 0.00223713646532438 -6.10255859461357
2 183 0.00223713646532438 -6.10255859461357
2 184 0.00223713646532438 -6.10255859461357
2 185 0.00223713646532438 -6.10255859461357
2 186 0.00223713646532438 -6.10255859461357
2 187 0.00223713646532438 -6.10255859461357
2 188 0.00223713646532438 -6.10255859461357
2 189 0.00223713646532438 -6.10255859461357
2 190 0.00223713646532438 -6.10255859461357
2 191 0.00223713646532438 -6.10255859461357
2 192 0.00223713646532438 -6.10255859461357
2 193 0.00223713646532438 -6.10255859461357
2 194 0.00223713646532438 -6.10255859461357
2 195 0.00223713646532438 -6.10255859461357
2 196 0.00223713646532438 -6.10255859461357
2 197 0.00223713646532438 -6.10255859461357
2 198 0.00223713646532438 -6.10255859461357
2 199 0.00223713646532438 -6.10255859461357
2 200 0.00223713646532438 -6.10255859461357
2 201 0.00223713646532438 -6.10255859461357
2 202 0.00223713646532438 -6.10255859461357
2 203 0.00223713646532438 -6.10255859461357
2 204 0.00223713646532438 -6.10255859461357
2 205 0.00223713646532438 -6.10255859461357
2 206 0.00223713646532438 -6.10255859461357
2 207 0.00223713646532438 -6.10255859461357
2 208 0.00223713646532438 -6.10255859461357
2 209 0.00223713646532438 -6.10255859461357
2 210 0.00223713646532438 -6.10255859461357
2 211 0.00223713646532438 -6.10255859461357
2 212 0.00223713646532438 -6.10255859461357
2 213 0.00223713646532438 -6.10255859461357
2 214 0.00223713646532438 -6.10255859461357
2 215 0.00223713646532438 -6.10255859461357
2 216 0.00223713646532438 -6.10255859461357
2 217 0.00223713646532438 -6.10255859461357
2 218 0.00223713646532438 -6.10255859461357
2 219 0.00223713646532438 -6.10255859461357
2 220 0.00223713646532438 -6.10255859461357
2 221 0.00223713646532438 -6.10255859461357
2 222 0.00223713646532438 -6.10255859461357
2 223 0.00223713646532438 -6.10255859461357
2 224 0.00223713646532438 -6.10255859461357
2 225 0.00223713646532438 -6.10255859461357
2 226 0.00223713646532438 -6.10255859461357
2 227 0.00223713646532438 -6.10255859461357
2 228 0.00223713646532438 -6.10255859461357
2 229 0.00223713646532438 -6.10255859461357
2 230 0.00223713646532438 -6.10255859461357
2 231 0.00223713646532438 -6.10255859461357
2 232 0.00223713646532438 -6.10255859461357
2 233 0.00223713646532438 -6.10255859461357
2 234 0.00223713646532438 -6.10255859461357
2 235 0.00223713646532438 -6.10255859461357
2 236 0.00223713646532438 -6.10255859461357
2 237 0.00223713646532438 -6.10255859461357
2 238 0.00223713646532438 -6.10255859461357
2 239 0.00223713646532438 -6.10255859461357
2 240 0.00223713646532438 -6.10255859461357
2 241 0.00223713646532438 -6.10255859461357
2 242 0.00223713646532438 -6.10255859461357
2 243 0.00223713646532438 -6.10255859461357
2 244 0.00223713646532438 -6.10255859461357
2 245 0.00223713646532438 -6.10255859461357
2 246 0.00223713646532438 -6.10255859461357
2 247 0.00223713646532438 -6.10255859461357
2 248 0.00223713646532438 -6.10255859461357
2 249 0.00223713646532438 -6.10255859461357
2 250 0.00223713646532438 -6.10255859461357
2 251 0.00223713646532438 -6.10255859461357
2 252 0.00223713646532438 -6.10255859461357
2 253 0.00223713646532438 -6.10255859461357
2 254 0.00223713646532438 -6.10255859461357
2 255 0.00223713646532438 -6.10255859461357
2 256 0.00223713646532438 -6.10255859461357
2 257 0.00223713646532438 -6.10255859461357
2 258 0.00223713646532438 -6.10255859461357
2 259 0.00223713646532438 -6.10255859461357
2 260 0.00223713646532438 -6.10255859461357
2 261 0.00223713646532438 -6.10255859461357
2 262 0.00223713646532438 -6.10255859461357
2 263 0.00223713646532438 -6.10255859461357
2 264 0.00223713646532438 -6.10255859461357
2 265 0.00223713646532438 -6.10255859461357
2 266 0.00223713646532438 -6.10255859461357
2 267 0.00223713646532438 -6.10255859461357
2 268 0.00223713646532438 -6.10255859461357
2 269 0.00223713646532438 -6.10255859461357
2 270 0.00223713646532438 -6.10255859461357
2 271 0.00223713646532438 -6.10255859461357
2 272 0.00223713646532438 -6.10255859461357
2 273 0.00223713646532438 -6.10255859461357
2 274 0.00223713646532438 -6.10255859461357
2 275 0.00223713646532438 -6.10255859461357
2 276 0.00223713646532438 -6.10255859461357
2 277 0.00223713646532438 -6.10255859461357
2 278 0.00223713646532438 -6.10255859461357
2 279 0.00223713646532438 -6.10255859461357
2 280 0.00223713646532438 -6.10255859461357
2 281 0.00223713646532438 -6.10255859461357
2 282 0.00223713646532438 -6.10255859461357
2 283 0.00223713646532438 -6.10255859461357
2 284 0.00223713646532438 -6.10255859461357
2 285 0.00223713646532438 -6.10255859461357
2 286 0.00223713646532438 -6.10255859461357
2 287 0.00223713646532438 -6.10255859461357
2 288 0.00223713646532438 -6.10255859461357
2 289 0.00223713646532438 -6.10255859461357
2 290 0.00223713646532438 -6.10255859461357
2 291 0.00223713646532438 -6.10255859461357
2 292 0.00223713646532438 -6.10255859461357
2 293 0.00223713646532438 -6.10255859461357
2 294 0.00223713646532438 -6.10255859461357
2 295 0.00223713646532438 -6.10255859461357
2 296 0.00223713646532438 -6.10255859461357
2 297 0.00223713646532438 -6.10255859461357
2 298 0.00223713646532438 -6.10255859461357
2 299 0.00223713646532438 -6.10255859461357
2 300 0.00223713646532438 -6.10255859461357
2 301 0.00223713646532438 -6.10255859461357
2 302 0.00223713646532438 -6.10255859461357
2 303 0.00223713646532438 -6.10255859461357
2 304 0.00223713646532438 -6.10255859461357
2 305 0.00223713646532438 -6.10255859461357
2 306 0.00223713646532438 -6.10255859461357
2 307 0.00223713646532438 -6.10255859461357
2 308 0.00223713646532438 -6.10255859461357
2 309 0.00223713646532438 -6.10255859461357
2 310 0.00223713646532438 -6.10255859461357
2 311 0.00223713646532438 -6.10255859461357
2 312 0.00223713646532438 -6.10255859461357
2 313 0.00223713646532438 -6.10255859461357
2 314 0.00223713646532438 -6.10255859461357
2 315 0.00223713646532438 -6.10255859461357
2 316 0.00223713646532438 -6.10255859461357
2 317 0.00223713646532438 -6.10255859461357
2 318 0.00223713646532438 -6.10255859461357
2 319 0.00223713646532438 -6.10255859461357
2 320 0.00223713646532438 -6.10255859461357
2 321 0.00223713646532438 -6.10255859461357
2 322 0.00223713646532438 -6.10255859461357
2 323 0.00223713646532438 -6.10255859461357
2 324 0.00223713646532438 -6.10255859461357
2 325 0.00223713646532438 -6.10255859461357
2 326 0.00223713646532438 -6.10255859461357
2 327 0.00223713646532438 -6.10255859461357
2 328 0.00223713646532438 -6.10255859461357
2 329 0.00223713646532438 -6.10255859461357
2 330 0.00223713646532438 -6.10255859461357
2 331 0.00223713646532438 -6.10255859461357
2 332 0.00223713646532438 -6.10255859461357
2 333 0.00223713646532438 -6.10255859461357
2 334 0.00223713646532438 -6.10255859461357
2 335 0.00223713646532438 -6.10255859461357
2 336 0.00223713646532438 -6.10255859461357
2 337 0.00223713646532438 -6.10255859461357
2 338 0.00223713646532438 -6.10255859461357
2 339 0.00223713646532438 -6.10255859461357
2 340 0.00223713646532438 -6.10255859461357
2 341 0.00223713646532438 -6.10255859461357
2 342 0.00223713646532438 -6.10255859461357
2 343 0.00223713646532438 -6.10255859461357
2 344 0.00223713646532438 -6.10255859461357
2 345 0.00223713646532438 -6.10255859461357
2 346 0.00223713646532438 -6.10255859461357
2 347 0.00223713646532438 -6.10255859461357
2 348 0.00223713646532438 -6.10255859461357
2 349 0.00223713646532438 -6.10255859461357
2 350 0.00223713646532438 -6.10255859461357
2 351 0.00223713646532438 -6.10255859461357
2 352 0.00223713646532438 -6.10255859461357
2 353 0.00223713646532438 -6.10255859461357
2 354 0.00223713646532438 -6.10255859461357
2 355 0.00223713646532438 -6.10255859461357
2 356 0.00223713646532438 -6.10255859461357
2 357 0.00223713646532438 -6.10255859461357
2 358 0.00223713646532438 -6.10255859461357
2 359 0.00223713646532438 -6.10255859461357
2 360 0.00223713646532438 -6.10255859461357
2 361 0.00223713646532438 -6.10255859461357
2 362 0.00223713646532438 -6.10255859461357
2 363 0.00223713646532438 -6.10255859461357
2 364 0.00223713646532438 -6.10255859461357
2 365 0.00223713646532438 -6.10255859461357
2 366 0.00223713646532438 -6.10255859461357
2 367 0.00223713646532438 -6.10255859461357
2 368 0.00223713646532438 -6.10255859461357
2 369 0.00223713646532438 -6.10255859461357
2 370 0.00223713646532438 -6.10255859461357
2 371 0.00223713646532438 -6.10255859461357
2 372 0.00223713646532438 -6.10255859461357
2 373 0.00223713646532438 -6.10255859461357
2 374 0.00223713646532438 -6.10255859461357
2 375 0.00223713646532438 -6.10255859461357
2 376 0.00223713646532438 -6.10255859461357
2 377 0.00223713646532438 -6.10255859461357
2 378 0.00223713646532438 -6.10255859461357
2 379 0.00223713646532438 -6.10255859461357
2 380 0.00223713646532438 -6.10255859461357
2 381 0.00223713646532438 -6.10255859461357
2 382 0.00223713646532438 -6.10255859461357
2 383 0.00223713646532438 -6.10255859461357
2 384 0.00223713646532438 -6.10255859461357
2 385 0.00223713646532438 -6.10255859461357
2 386 0.00223713646532438 -6.10255859461357
2 387 0.00223713646532438 -6.10255859461357
2 388 0.00223713646532438 -6.10255859461357
2 389 0.00223713646532438 -6.10255859461357
2 390 0.00223713646532438 -6.10255859461357
2 391 0.00223713646532438 -6.10255859461357
2 392 0.00223713646532438 -6.10255859461357
2 393 0.00223713646532438 -6.10255859461357
2 394 0.00223713646532438 -6.10255859461357
2 395 0.00223713646532438 -6.10255859461357
2 396 0.00223713646532438 -6.10255859461357
2 397 0.00223713646532438 -6.10255859461357
2 398 0.00223713646532438 -6.10255859461357
2 399 0.00223713646532438 -6.10255859461357
2 400 0.00223713646532438 -6.10255859461357
2 401 0.00223713646532438 -6.10255859461357
2 402 0.00223713646532438 -6.10255859461357
2 403 0.00223713646532438 -6.10255859461357
2 404 0.00223713646532438 -6.10255859461357
2 405 0.00223713646532438 -6.10255859461357
2 406 0.00223713646532438 -6.10255859461357
2 407 0.00223713646532438 -6.10255859461357
2 408 0.00223713646532438 -6.10255859461357
2 409 0.00223713646532438 -6.10255859461357
2 410 0.00223713646532438 -6.10255859461357
2 411 0.00223713646532438 -6.10255859461357
2 412 0.00223713646532438 -6.10255859461357
2 413 0.00223713646532438 -6.10255859461357
2 414 0.00223713646532438 -6.10255859461357
2 415 0.00223713646532438 -6.10255859461357
2 416 0.00223713646532438 -6.10255859461357
2 417 0.00223713646532438 -6.10255859461357
2 418 0.00223713646532438 -6.10255859461357
2 419 0.00223713646532438 -6.10255859461357
2 420 0.00223713646532438 -6.10255859461357
2 421 0.00223713646532438 -6.10255859461357
2 422 0.00223713646532438 -6.10255859461357
2 423 0.00223713646532438 -6.10255859461357
2 424 0.00223713646532438 -6.10255859461357
2 425 0.00223713646532438 -6.10255859461357
2 426 0.00223713646532438 -6.10255859461357
2 427 0.00223713646532438 -6.10255859461357
2 428 0.00223713646532438 -6.10255859461357
2 429 0.00223713646532438 -6.10255859461357
2 430 0.00223713646532438 -6.10255859461357
2 431 0.00223713646532438 -6.10255859461357
2 432 0.00223713646532438 -6.10255859461357
2 433 0.00223713646532438 -6.10255859461357
2 434 0.00223713646532438 -6.10255859461357
2 435 0.00223713646532438 -6.10255859461357
2 436 0.00223713646532438 -6.10255859461357
2 437 0.00223713646532438 -6.10255859461357
2 438 0.00223713646532438 -6.10255859461357
2 439 0.00223713646532438 -6.10255859461357
2 440 0.00223713646532438 -6.10255859461357
2 441 0.00223713646532438 -6.10255859461357
2 442 0.00223713646532438 -6.10255859461357
2 443 0.00223713646532438 -6.10255859461357
2 444 0.00223713646532438 -6.10255859461357
2 445 0.00223713646532438 -6.10255859461357
2 446 0.00223713646532438 -6.10255859461357
2 447 0.00223713646532438 -6.10255859461357
28 1 0.00223713646532438 -6.10255859461357
28 2 0.00223713646532438 -6.10255859461357
28 3 0.00223713646532438 -6.10255859461357
28 4 0.00223713646532438 -6.10255859461357
28 5 0.00223713646532438 -6.10255859461357
28 6 0.00223713646532438 -6.10255859461357
28 7 0.00223713646532438 -6.10255859461357
28 8 0.00223713646532438 -6.10255859461357
28 9 0.00223713646532438 -6.10255859461357
28 10 0.00223713646532438 -6.10255859461357
28 11 0.00223713646532438 -6.10255859461357
28 12 0.00223713646532438 -6.10255859461357
28 13 0.00223713646532438 -6.10255859461357
28 14 0.00223713646532438 -6.10255859461357
28 15 0.00223713646532438 -6.10255859461357
28 16 0.00223713646532438 -6.10255859461357
28 17 0.00223713646532438 -6.10255859461357
28 18 0.00223713646532438 -6.10255859461357
28 19 0.00223713646532438 -6.10255859461357
28 20 0.00223713646532438 -6.10255859461357
28 21 0.00223713646532438 -6.10255859461357
28 22 0.00223713646532438 -6.10255859461357
28 23 0.00223713646532438 -6.10255859461357
28 24 0.00223713646532438 -6.10255859461357
28 25 0.00223713646532438 -6.10255859461357
28 26 0.00223713646532438 -6.10255859461357
28 27 0.00223713646532438 -6.10255859461357
28 28 0.00223713646532438 -6.10255859461357
28 29 0.00223713646532438 -6.10255859461357
28 30 0.00223713646532438 -6.10255859461357
28 31 0.00223713646532438 -6.10255859461357
28 32 0.00223713646532438 -6.10255859461357
28 33 0.00223713646532438 -6.10255859461357
28 34 0.00223713646532438 -6.10255859461357
28 35 0.00223713646532438 -6.10255859461357
28 36 0.00223713646532438 -6.10255859461357
28 37 0.00223713646532438 -6.10255859461357
28 38 0.00223713646532438 -6.10255859461357
28 39 0.00223713646532438 -6.10255859461357
28 40 0.00223713646532438 -6.10255859461357
28 41 0.00223713646532438 -6.10255859461357
28 42 0.00223713646532438 -6.10255859461357
28 43 0.00223713646532438 -6.10255859461357
28 44 0.00223713646532438 -6.10255859461357
28 45 0.00223713646532438 -6.10255859461357
28 46 0.00223713646532438 -6.10255859461357
28 47 0.00223713646532438 -6.10255859461357
28 48 0.00223713646532438 -6.10255859461357
28 49 0.00223713646532438 -6.10255859461357
28 50 0.00223713646532438 -6.10255859461357
28 51 0.00223713646532438 -6.10255859461357
28 52 0.00223713646532438 -6.10255859461357
28 53 0.00223713646532438 -6.10255859461357
28 54 0.00223713646532438 -6.10255859461357
28 55 0.00223713646532438 -6.10255859461357
28 56 0.00223713646532438 -6.10255859461357
28 57 0.00223713646532438 -6.10255859461357
28 58 0.00223713646532438 -6.10255859461357
28 59 0.00223713646532438 -6.10255859461357
28 60 0.00223713646532438 -6.10255859461357
28 61 0.00223713646532438 -6.10255859461357
28 62 0.00223713646532438 -6.10255859461357
28 63 0.00223713646532438 -6.10255859461357
28 64 0.00223713646532438 -6.10255859461357
28 65 0.00223713646532438 -6.10255859461357
28 66 0.00223713646532438 -6.10255859461357
28 67 0.00223713646532438 -6.10255859461357
28 68 0.00223713646532438 -6.10255859461357
28 69 0.00223713646532438 -6.10255859461357
28 70 0.00223713646532438 -6.10255859461357
28 71 0.00223713646532438 -6.10255859461357
28 72 0.00223713646532438 -6.10255859461357
28 73 0.00223713646532438 -6.10255859461357
28 74 0.00223713646532438 -6.10255859461357
28 75 0.00223713646532438 -6.10255859461357
28 76 0.00223713646532438 -6.10255859461357
28 77 0.00223713646532438 -6.10255859461357
28 78 0.00223713646532438 -6.10255859461357
28 79 0.00223713646532438 -6.10255859461357
28 80 0.00223713646532438 -6.10255859461357
28 81 0.00223713646532438 -6.10255859461357
28 82 0.00223713646532438 -6.10255859461357
28 83 0.00223713646532438 -6.10255859461357
28 84 0.00223713646532438 -6.10255859461357
28 85 0.00223713646532438 -6.10255859461357
28 86 0.00223713646532438 -6.10255859461357
28 87 0.00223713646532438 -6.10255859461357
28 88 0.00223713646532438 -6.10255859461357
28 89 0.00223713646532438 -6.10255859461357
28 90 0.00223713646532438 -6.10255859461357
28 91 0.00223713646532438 -6.10255859461357
28 92 0.00223713646532438 -6.10255859461357
28 93 0.00223713646532438 -6.10255859461357
28 94 0.00223713646532438 -6.10255859461357
28 95 0.00223713646532438 -6.10255859461357
28 96 0.00223713646532438 -6.10255859461357
28 97 0.00223713646532438 -6.10255859461357
28 98 0.00223713646532438 -6.10255859461357
28 99 0.00223713646532438 -6.10255859461357
28 100 0.00223713646532438 -6.10255859461357
28 101 0.00223713646532438 -6.10255859461357
28 102 0.00223713646532438 -6.10255859461357
28 103 0.00223713646532438 -6.10255859461357
28 104 0.00223713646532438 -6.10255859461357
28 105 0.00223713646532438 -6.10255859461357
28 106 0.00223713646532438 -6.10255859461357
28 107 0.00223713646532438 -6.10255859461357
28 108 0.00223713646532438 -6.10255859461357
28 109 0.00223713646532438 -6.10255859461357
28 110 0.00223713646532438 -6.10255859461357
28 111 0.00223713646532438 -6.10255859461357
28 112 0.00223713646532438 -6.10255859461357
28 113 0.00223713646532438 -6.10255859461357
28 114 0.00223713646532438 -6.10255859461357
28 115 0.00223713646532438 -6.10255859461357
28 116 0.00223713646532438 -6.10255859461357
28 117 0.00223713646532438 -6.10255859461357
28 118 0.00223713646532438 -6.10255859461357
28 119 0.00223713646532438 -6.10255859461357
28 120 0.00223713646532438 -6.10255859461357
28 121 0.00223713646532438 -6.10255859461357
28 122 0.00223713646532438 -6.10255859461357
28 123 0.00223713646532438 -6.10255859461357
28 124 0.00223713646532438 -6.10255859461357
28 125 0.00223713646532438 -6.10255859461357
28 126 0.00223713646532438 -6.10255859461357
28 127 0.00223713646532438 -6.10255859461357
28 128 0.00223713646532438 -6.10255859461357
28 129 0.00223713646532438 -6.10255859461357
28 130 0.00223713646532438 -6.10255859461357
28 131 0.00223713646532438 -6.10255859461357
28 132 0.00223713646532438 -6.10255859461357
28 133 0.00223713646532438 -6.10255859461357
28 134 0.00223713646532438 -6.10255859461357
28 135 0.00223713646532438 -6.10255859461357
28 136 0.00223713646532438 -6.10255859461357
28 137 0.00223713646532438 -6.10255859461357
28 138 0.00223713646532438 -6.10255859461357
28 139 0.00223713646532438 -6.10255859461357
28 140 0.00223713646532438 -6.10255859461357
28 141 0.00223713646532438 -6.10255859461357
28 142 0.00223713646532438 -6.10255859461357
28 143 0.00223713646532438 -6.10255859461357
28 144 0.00223713646532438 -6.10255859461357
28 145 0.00223713646532438 -6.10255859461357
28 146 0.00223713646532438 -6.10255859461357
28 147 0.00223713646532438 -6.10255859461357
28 148 0.00223713646532438 -6.10255859461357
28 149 0.00223713646532438 -6.10255859461357
28 150 0.00223713646532438 -6.10255859461357
28 151 0.00223713646532438 -6.10255859461357
28 152 0.00223713646532438 -6.10255859461357
28 153 0.00223713646532438 -6.10255859461357
28 154 0.00223713646532438 -6.10255859461357
28 155 0.00223713646532438 -6.10255859461357
28 156 0.00223713646532438 -6.10255859461357
28 157 0.00223713646532438 -6.10255859461357
28 158 0.00223713646532438 -6.10255859461357
28 159 0.00223713646532438 -6.10255859461357
28 160 0.00223713646532438 -6.10255859461357
28 161 0.00223713646532438 -6.10255859461357
28 162 0.00223713646532438 -6.10255859461357
28 163 0.00223713646532438 -6.10255859461357
28 164 0.00223713646532438 -6.10255859461357
28 165 0.00223713646532438 -6.10255859461357
28 166 0.00223713646532438 -6.10255859461357
28 167 0.00223713646532438 -6.10255859461357
28 168 0.00223713646532438 -6.10255859461357
28 169 0.00223713646532438 -6.10255859461357
28 170 0.00223713646532438 -6.10255859461357
28 171 0.00223713646532438 -6.10255859461357
28 172 0.00223713646532438 -6.10255859461357
28 173 0.00223713646532438 -6.10255859461357
28 174 0.00223713646532438 -6.10255859461357
28 175 0.00223713646532438 -6.10255859461357
28 176 0.00223713646532438 -6.10255859461357
28 177 0.00223713646532438 -6.10255859461357
28 178 0.00223713646532438 -6.10255859461357
28 179 0.00223713646532438 -6.10255859461357
28 180 0.00223713646532438 -6.10255859461357
28 181 0.00223713646532438 -6.10255859461357
28 182 0.00223713646532438 -6.10255859461357
28 183 0.00223713646532438 -6.10255859461357
28 184 0.00223713646532438 -6.10255859461357
28 185 0.00223713646532438 -6.10255859461357
28 186 0.00223713646532438 -6.10255859461357
28 187 0.00223713646532438 -6.10255859461357
28 188 0.00223713646532438 -6.10255859461357
28 189 0.00223713646532438 -6.10255859461357
28 190 0.00223713646532438 -6.10255859461357
28 191 0.00223713646532438 -6.10255859461357
28 192 0.00223713646532438 -6.10255859461357
28 193 0.00223713646532438 -6.10255859461357
28 194 0.00223713646532438 -6.10255859461357
28 195 0.00223713646532438 -6.10255859461357
28 196 0.00223713646532438 -6.10255859461357
28 197 0.00223713646532438 -6.10255859461357
28 198 0.00223713646532438 -6.10255859461357
28 199 0.00223713646532438 -6.10255859461357
28 200 0.00223713646532438 -6.10255859461357
28 201 0.00223713646532438 -6.10255859461357
28 202 0.00223713646532438 -6.10255859461357
28 203 0.00223713646532438 -6.10255859461357
28 204 0.00223713646532438 -6.10255859461357
28 205 0.00223713646532438 -6.10255859461357
28 206 0.00223713646532438 -6.10255859461357
28 207 0.00223713646532438 -6.10255859461357
28 208 0.00223713646532438 -6.10255859461357
28 209 0.00223713646532438 -6.10255859461357
28 210 0.00223713646532438 -6.10255859461357
28 211 0.00223713646532438 -6.10255859461357
28 212 0.00223713646532438 -6.10255859461357
28 213 0.00223713646532438 -6.10255859461357
28 214 0.00223713646532438 -6.10255859461357
28 215 0.00223713646532438 -6.10255859461357
28 216 0.00223713646532438 -6.10255859461357
28 217 0.00223713646532438 -6.10255859461357
28 218 0.00223713646532438 -6.10255859461357
28 219 0.00223713646532438 -6.10255859461357
28 220 0.00223713646532438 -6.10255859461357
28 221 0.00223713646532438 -6.10255859461357
28 222 0.00223713646532438 -6.10255859461357
28 223 0.00223713646532438 -6.10255859461357
28 224 0.00223713646532438 -6.10255859461357
28 225 0.00223713646532438 -6.10255859461357
28 226 0.00223713646532438 -6.10255859461357
28 227 0.00223713646532438 -6.10255859461357
28 228 0.00223713646532438 -6.10255859461357
28 229 0.00223713646532438 -6.10255859461357
28 230 0.00223713646532438 -6.10255859461357
28 231 0.00223713646532438 -6.10255859461357
28 232 0.00223713646532438 -6.10255859461357
28 233 0.00223713646532438 -6.10255859461357
28 234 0.00223713646532438 -6.10255859461357
28 235 0.00223713646532438 -6.10255859461357
28 236 0.00223713646532438 -6.10255859461357
28 237 0.00223713646532438 -6.10255859461357
28 238 0.00223713646532438 -6.10255859461357
28 239 0.00223713646532438 -6.10255859461357
28 240 0.00223713646532438 -6.10255859461357
28 241 0.00223713646532438 -6.10255859461357
28 242 0.00223713646532438 -6.10255859461357
28 243 0.00223713646532438 -6.10255859461357
28 244 0.00223713646532438 -6.10255859461357
28 245 0.00223713646532438 -6.10255859461357
28 246 0.00223713646532438 -6.10255859461357
28 247 0.00223713646532438 -6.10255859461357
28 248 0.00223713646532438 -6.10255859461357
28 249 0.00223713646532438 -6.10255859461357
28 250 0.00223713646532438 -6.10255859461357
28 251 0.00223713646532438 -6.10255859461357
28 252 0.00223713646532438 -6.10255859461357
28 253 0.00223713646532438 -6.10255859461357
28 254 0.00223713646532438 -6.10255859461357
28 255 0.00223713646532438 -6.10255859461357
28 256 0.00223713646532438 -6.10255859461357
28 257 0.00223713646532438 -6.10255859461357
28 258 0.00223713646532438 -6.10255859461357
28 259 0.00223713646532438 -6.10255859461357
28 260 0.00223713646532438 -6.10255859461357
28 261 0.00223713646532438 -6.10255859461357
28 262 0.00223713646532438 -6.10255859461357
28 263 0.00223713646532438 -6.10255859461357
28 264 0.00223713646532438 -6.10255859461357
28 265 0.00223713646532438 -6.10255859461357
28 266 0.00223713646532438 -6.10255859461357
28 267 0.00223713646532438 -6.10255859461357
28 268 0.00223713646532438 -6.10255859461357
28 269 0.00223713646532438 -6.10255859461357
28 270 0.00223713646532438 -6.10255859461357
28 271 0.00223713646532438 -6.10255859461357
28 272 0.00223713646532438 -6.10255859461357
28 273 0.00223713646532438 -6.10255859461357
28 274 0.00223713646532438 -6.10255859461357
28 275 0.00223713646532438 -6.10255859461357
28 276 0.00223713646532438 -6.10255859461357
28 277 0.00223713646532438 -6.10255859461357
28 278 0.00223713646532438 -6.10255859461357
28 279 0.00223713646532438 -6.10255859461357
28 280 0.00223713646532438 -6.10255859461357
28 281 0.00223713646532438 -6.10255859461357
28 282 0.00223713646532438 -6.10255859461357
28 283 0.00223713646532438 -6.10255859461357
28 284 0.00223713646532438 -6.10255859461357
28 285 0.00223713646532438 -6.10255859461357
28 286 0.00223713646532438 -6.10255859461357
28 287 0.00223713646532438 -6.10255859461357
28 288 0.00223713646532438 -6.10255859461357
28 289 0.00223713646532438 -6.10255859461357
28 290 0.00223713646532438 -6.10255859461357
28 291 0.00223713646532438 -6.10255859461357
28 292 0.00223713646532438 -6.10255859461357
28 293 0.00223713646532438 -6.10255859461357
28 294 0.00223713646532438 -6.10255859461357
28 295 0.00223713646532438 -6.10255859461357
28 296 0.00223713646532438 -6.10255859461357
28 297 0.00223713646532438 -6.10255859461357
28 298 0.00223713646532438 -6.10255859461357
28 299 0.00223713646532438 -6.10255859461357
28 300 0.00223713646532438 -6.10255859461357
28 301 0.00223713646532438 -6.10255859461357
28 302 0.00223713646532438 -6.10255859461357
28 303 0.00223713646532438 -6.10255859461357
28 304 0.00223713646532438 -6.10255859461357
28 305 0.00223713646532438 -6.10255859461357
28 306 0.00223713646532438 -6.10255859461357
28 307 0.00223713646532438 -6.10255859461357
28 308 0.00223713646532438 -6.10255859461357
28 309 0.00223713646532438 -6.10255859461357
28 310 0.00223713646532438 -6.10255859461357
28 311 0.00223713646532438 -6.10255859461357
28 312 0.00223713646532438 -6.10255859461357
28 313 0.00223713646532438 -6.10255859461357
28 314 0.00223713646532438 -6.10255859461357
28 315 0.00223713646532438 -6.10255859461357
28 316 0.00223713646532438 -6.10255859461357
28 317 0.00223713646532438 -6.10255859461357
28 318 0.00223713646532438 -6.10255859461357
28 319 0.00223713646532438 -6.10255859461357
28 320 0.00223713646532438 -6.10255859461357
28 321 0.00223713646532438 -6.10255859461357
28 322 0.00223713646532438 -6.10255859461357
28 323 0.00223713646532438 -6.10255859461357
28 324 0.00223713646532438 -6.10255859461357
28 325 0.00223713646532438 -6.10255859461357
28 326 0.00223713646532438 -6.10255859461357
28 327 0.00223713646532438 -6.10255859461357
28 328 0.00223713646532438 -6.10255859461357
28 329 0.00223713646532438 -6.10255859461357
28 330 0.00223713646532438 -6.10255859461357
28 331 0.00223713646532438 -6.10255859461357
28 332 0.00223713646532438 -6.10255859461357
28 333 0.00223713646532438 -6.10255859461357
28 334 0.00223713646532438 -6.10255859461357
28 335 0.00223713646532438 -6.10255859461357
28 336 0.00223713646532438 -6.10255859461357
28 337 0.00223713646532438 -6.10255859461357
28 338 0.00223713646532438 -6.10255859461357
28 339 0.00223713646532438 -6.10255859461357
28 340 0.00223713646532438 -6.10255859461357
28 341 0.00223713646532438 -6.10255859461357
28 342 0.00223713646532438 -6.10255859461357
28 343 0.00223713646532438 -6.10255859461357
28 344 0.00223713646532438 -6.10255859461357
28 345 0.00223713646532438 -6.10255859461357
28 346 0.00223713646532438 -6.10255859461357
28 347 0.00223713646532438 -6.10255859461357
28 348 0.00223713646532438 -6.10255859461357
28 349 0.00223713646532438 -6.10255859461357
28 350 0.00223713646532438 -6.10255859461357
28 351 0.00223713646532438 -6.10255859461357
28 352 0.00223713646532438 -6.10255859461357
28 353 0.00223713646532438 -6.10255859461357
28 354 0.00223713646532438 -6.10255859461357
28 355 0.00223713646532438 -6.10255859461357
28 356 0.00223713646532438 -6.10255859461357
28 357 0.00223713646532438 -6.10255859461357
28 358 0.00223713646532438 -6.10255859461357
28 359 0.00223713646532438 -6.10255859461357
28 360 0.00223713646532438 -6.10255859461357
28 361 0.00223713646532438 -6.10255859461357
28 362 0.00223713646532438 -6.10255859461357
28 363 0.00223713646532438 -6.10255859461357
28 364 0.00223713646532438 -6.10255859461357
28 365 0.00223713646532438 -6.10255859461357
28 366 0.00223713646532438 -6.10255859461357
28 367 0.00223713646532438 -6.10255859461357
28 368 0.00223713646532438 -6.10255859461357
28 369 0.00223713646532438 -6.10255859461357
28 370 0.00223713646532438 -6.10255859461357
28 371 0.00223713646532438 -6.10255859461357
28 372 0.00223713646532438 -6.10255859461357
28 373 0.00223713646532438 -6.10255859461357
28 374 0.00223713646532438 -6.10255859461357
28 375 0.00223713646532438 -6.10255859461357
28 376 0.00223713646532438 -6.10255859461357
28 377 0.00223713646532438 -6.10255859461357
28 378 0.00223713646532438 -6.10255859461357
28 379 0.00223713646532438 -6.10255859461357
28 380 0.00223713646532438 -6.10255859461357
28 381 0.00223713646532438 -6.10255859461357
28 382 0.00223713646532438 -6.10255859461357
28 383 0.00223713646532438 -6.10255859461357
28 384 0.00223713646532438 -6.10255859461357
28 385 0.00223713646532438 -6.10255859461357
28 386 0.00223713646532438 -6.10255859461357
28 387 0.00223713646532438 -6.10255859461357
28 388 0.00223713646532438 -6.10255859461357
28 389 0.00223713646532438 -6.10255859461357
28 390 0.00223713646532438 -6.10255859461357
28 391 0.00223713646532438 -6.10255859461357
28 392 0.00223713646532438 -6.10255859461357
28 393 0.00223713646532438 -6.10255859461357
28 394 0.00223713646532438 -6.10255859461357
28 395 0.00223713646532438 -6.10255859461357
28 396 0.00223713646532438 -6.10255859461357
28 397 0.00223713646532438 -6.10255859461357
28 398 0.00223713646532438 -6.10255859461357
28 399 0.00223713646532438 -6.10255859461357
28 400 0.00223713646532438 -6.10255859461357
28 401 0.00223713646532438 -6.10255859461357
28 402 0.00223713646532438 -6.10255859461357
28 403 0.00223713646532438 -6.10255859461357
28 404 0.00223713646532438 -6.10255859461357
28 405 0.00223713646532438 -6.10255859461357
28 406 0.00223713646532438 -6.10255859461357
28 407 0.00223713646532438 -6.10255859461357
28 408 0.00223713646532438 -6.10255859461357
28 409 0.00223713646532438 -6.10255859461357
28 410 0.00223713646532438 -6.10255859461357
28 411 0.00223713646532438 -6.10255859461357
28 412 0.00223713646532438 -6.10255859461357
28 413 0.00223713646532438 -6.10255859461357
28 414 0.00223713646532438 -6.10255859461357
28 415 0.00223713646532438 -6.10255859461357
28 416 0.00223713646532438 -6.10255859461357
28 417 0.00223713646532438 -6.10255859461357
28 418 0.00223713646532438 -6.10255859461357
28 419 0.00223713646532438 -6.10255859461357
28 420 0.00223713646532438 -6.10255859461357
28 421 0.00223713646532438 -6.10255859461357
28 422 0.00223713646532438 -6.10255859461357
28 423 0.00223713646532438 -6.10255859461357
28 424 0.00223713646532438 -6.10255859461357
28 425 0.00223713646532438 -6.10255859461357
28 426 0.00223713646532438 -6.10255859461357
28 427 0.00223713646532438 -6.10255859461357
28 428 0.00223713646532438 -6.10255859461357
28 429 0.00223713646532438 -6.10255859461357
28 430 0.00223713646532438 -6.10255859461357
28 431 0.00223713646532438 -6.10255859461357
28 432 0.00223713646532438 -6.10255859461357
28 433 0.00223713646532438 -6.10255859461357
28 434 0.00223713646532438 -6.10255859461357
28 435 0.00223713646532438 -6.10255859461357
28 436 0.00223713646532438 -6.10255859461357
28 437 0.00223713646532438 -6.10255859461357
28 438 0.00223713646532438 -6.10255859461357
28 439 0.00223713646532438 -6.10255859461357
28 440 0.00223713646532438 -6.10255859461357
28 441 0.00223713646532438 -6.10255859461357
28 442 0.00223713646532438 -6.10255859461357
28 443 0.00223713646532438 -6.10255859461357
28 444 0.00223713646532438 -6.10255859461357
28 445 0.00223713646532438 -6.10255859461357
28 446 0.00223713646532438 -6.10255859461357
28 447 0.00223713646532438 -6.10255859461357
30 1 0.00223713646532438 -6.10255859461357
30 2 0.00223713646532438 -6.10255859461357
30 3 0.00223713646532438 -6.10255859461357
30 4 0.00223713646532438 -6.10255859461357
30 5 0.00223713646532438 -6.10255859461357
30 6 0.00223713646532438 -6.10255859461357
30 7 0.00223713646532438 -6.10255859461357
30 8 0.00223713646532438 -6.10255859461357
30 9 0.00223713646532438 -6.10255859461357
30 10 0.00223713646532438 -6.10255859461357
30 11 0.00223713646532438 -6.10255859461357
30 12 0.00223713646532438 -6.10255859461357
30 13 0.00223713646532438 -6.10255859461357
30 14 0.00223713646532438 -6.10255859461357
30 15 0.00223713646532438 -6.10255859461357
30 16 0.00223713646532438 -6.10255859461357
30 17 0.00223713646532438 -6.10255859461357
30 18 0.00223713646532438 -6.10255859461357
30 19 0.00223713646532438 -6.10255859461357
30 20 0.00223713646532438 -6.10255859461357
30 21 0.00223713646532438 -6.10255859461357
30 22 0.00223713646532438 -6.10255859461357
30 23 0.00223713646532438 -6.10255859461357
30 24 0.00223713646532438 -6.10255859461357
30 25 0.00223713646532438 -6.10255859461357
30 26 0.00223713646532438 -6.10255859461357
30 27 0.00223713646532438 -6.10255859461357
30 28 0.00223713646532438 -6.10255859461357
30 29 0.00223713646532438 -6.10255859461357
30 30 0.00223713646532438 -6.10255859461357
30 31 0.00223713646532438 -6.10255859461357
30 32 0.00223713646532438 -6.10255859461357
30 33 0.00223713646532438 -6.10255859461357
30 34 0.00223713646532438 -6.10255859461357
30 35 0.00223713646532438 -6.10255859461357
30 36 0.00223713646532438 -6.10255859461357
30 37 0.00223713646532438 -6.10255859461357
30 38 0.00223713646532438 -6.10255859461357
30 39 0.00223713646532438 -6.10255859461357
30 40 0.00223713646532438 -6.10255859461357
30 41 0.00223713646532438 -6.10255859461357
30 42 0.00223713646532438 -6.10255859461357
30 43 0.00223713646532438 -6.10255859461357
30 44 0.00223713646532438 -6.10255859461357
30 45 0.00223713646532438 -6.10255859461357
30 46 0.00223713646532438 -6.10255859461357
30 47 0.00223713646532438 -6.10255859461357
30 48 0.00223713646532438 -6.10255859461357
30 49 0.00223713646532438 -6.10255859461357
30 50 0.00223713646532438 -6.10255859461357
30 51 0.00223713646532438 -6.10255859461357
30 52 0.00223713646532438 -6.10255859461357
30 53 0.00223713646532438 -6.10255859461357
30 54 0.00223713646532438 -6.10255859461357
30 55 0.00223713646532438 -6.10255859461357
30 56 0.00223713646532438 -6.10255859461357
30 57 0.00223713646532438 -6.10255859461357
30 58 0.00223713646532438 -6.10255859461357
30 59 0.00223713646532438 -6.10255859461357
30 60 0.00223713646532438 -6.10255859461357
30 61 0.00223713646532438 -6.10255859461357
30 62 0.00223713646532438 -6.10255859461357
30 63 0.00223713646532438 -6.10255859461357
30 64 0.00223713646532438 -6.10255859461357
30 65 0.00223713646532438 -6.10255859461357
30 66 0.00223713646532438 -6.10255859461357
30 67 0.00223713646532438 -6.10255859461357
30 68 0.00223713646532438 -6.10255859461357
30 69 0.00223713646532438 -6.10255859461357
30 70 0.00223713646532438 -6.10255859461357
30 71 0.00223713646532438 -6.10255859461357
30 72 0.00223713646532438 -6.10255859461357
30 73 0.00223713646532438 -6.10255859461357
30 74 0.00223713646532438 -6.10255859461357
30 75 0.00223713646532438 -6.10255859461357
30 76 0.00223713646532438 -6.10255859461357
30 77 0.00223713646532438 -6.10255859461357
30 78 0.00223713646532438 -6.10255859461357
30 79 0.00223713646532438 -6.10255859461357
30 80 0.00223713646532438 -6.10255859461357
30 81 0.00223713646532438 -6.10255859461357
30 82 0.00223713646532438 -6.10255859461357
30 83 0.00223713646532438 -6.10255859461357
30 84 0.00223713646532438 -6.10255859461357
30 85 0.00223713646532438 -6.10255859461357
30 86 0.00223713646532438 -6.10255859461357
30 87 0.00223713646532438 -6.10255859461357
30 88 0.00223713646532438 -6.10255859461357
30 89 0.00223713646532438 -6.10255859461357
30 90 0.00223713646532438 -6.10255859461357
30 91 0.00223713646532438 -6.10255859461357
30 92 0.00223713646532438 -6.10255859461357
30 93 0.00223713646532438 -6.10255859461357
30 94 0.00223713646532438 -6.10255859461357
30 95 0.00223713646532438 -6.10255859461357
30 96 0.00223713646532438 -6.10255859461357
30 97 0.00223713646532438 -6.10255859461357
30 98 0.00223713646532438 -6.10255859461357
30 99 0.00223713646532438 -6.10255859461357
30 100 0.00223713646532438 -6.10255859461357
30 101 0.00223713646532438 -6.10255859461357
30 102 0.00223713646532438 -6.10255859461357
30 103 0.00223713646532438 -6.10255859461357
30 104 0.00223713646532438 -6.10255859461357
30 105 0.00223713646532438 -6.10255859461357
30 106 0.00223713646532438 -6.10255859461357
30 107 0.00223713646532438 -6.10255859461357
30 108 0.00223713646532438 -6.10255859461357
30 109 0.00223713646532438 -6.10255859461357
30 110 0.00223713646532438 -6.10255859461357
30 111 0.00223713646532438 -6.10255859461357
30 112 0.00223713646532438 -6.10255859461357
30 113 0.00223713646532438 -6.10255859461357
30 114 0.00223713646532438 -6.10255859461357
30 115 0.00223713646532438 -6.10255859461357
30 116 0.00223713646532438 -6.10255859461357
30 117 0.00223713646532438 -6.10255859461357
30 118 0.00223713646532438 -6.10255859461357
30 119 0.00223713646532438 -6.10255859461357
30 120 0.00223713646532438 -6.10255859461357
30 121 0.00223713646532438 -6.10255859461357
30 122 0.00223713646532438 -6.10255859461357
30 123 0.00223713646532438 -6.10255859461357
30 124 0.00223713646532438 -6.10255859461357
30 125 0.00223713646532438 -6.10255859461357
30 126 0.00223713646532438 -6.10255859461357
30 127 0.00223713646532438 -6.10255859461357
30 128 0.00223713646532438 -6.10255859461357
30 129 0.00223713646532438 -6.10255859461357
30 130 0.00223713646532438 -6.10255859461357
30 131 0.00223713646532438 -6.10255859461357
30 132 0.00223713646532438 -6.10255859461357
30 133 0.00223713646532438 -6.10255859461357
30 134 0.00223713646532438 -6.10255859461357
30 135 0.00223713646532438 -6.10255859461357
30 136 0.00223713646532438 -6.10255859461357
30 137 0.00223713646532438 -6.10255859461357
30 138 0.00223713646532438 -6.10255859461357
30 139 0.00223713646532438 -6.10255859461357
30 140 0.00223713646532438 -6.10255859461357
30 141 0.00223713646532438 -6.10255859461357
30 142 0.00223713646532438 -6.10255859461357
30 143 0.00223713646532438 -6.10255859461357
30 144 0.00223713646532438 -6.10255859461357
30 145 0.00223713646532438 -6.10255859461357
30 146 0.00223713646532438 -6.10255859461357
30 147 0.00223713646532438 -6.10255859461357
30 148 0.00223713646532438 -6.10255859461357
30 149 0.00223713646532438 -6.10255859461357
30 150 0.00223713646532438 -6.10255859461357
30 151 0.00223713646532438 -6.10255859461357
30 152 0.00223713646532438 -6.10255859461357
30 153 0.00223713646532438 -6.10255859461357
30 154 0.00223713646532438 -6.10255859461357
30 155 0.00223713646532438 -6.10255859461357
30 156 0.00223713646532438 -6.10255859461357
30 157 0.00223713646532438 -6.10255859461357
30 158 0.00223713646532438 -6.10255859461357
30 159 0.00223713646532438 -6.10255859461357
30 160 0.00223713646532438 -6.10255859461357
30 161 0.00223713646532438 -6.10255859461357
30 162 0.00223713646532438 -6.10255859461357
30 163 0.00223713646532438 -6.10255859461357
30 164 0.00223713646532438 -6.10255859461357
30 165 0.00223713646532438 -6.10255859461357
30 166 0.00223713646532438 -6.10255859461357
30 167 0.00223713646532438 -6.10255859461357
30 168 0.00223713646532438 -6.10255859461357
30 169 0.00223713646532438 -6.10255859461357
30 170 0.00223713646532438 -6.10255859461357
30 171 0.00223713646532438 -6.10255859461357
30 172 0.00223713646532438 -6.10255859461357
30 173 0.00223713646532438 -6.10255859461357
30 174 0.00223713646532438 -6.10255859461357
30 175 0.00223713646532438 -6.10255859461357
30 176 0.00223713646532438 -6.10255859461357
30 177 0.00223713646532438 -6.10255859461357
30 178 0.00223713646532438 -6.10255859461357
30 179 0.00223713646532438 -6.10255859461357
30 180 0.00223713646532438 -6.10255859461357
30 181 0.00223713646532438 -6.10255859461357
30 182 0.00223713646532438 -6.10255859461357
30 183 0.00223713646532438 -6.10255859461357
30 184 0.00223713646532438 -6.10255859461357
30 185 0.00223713646532438 -6.10255859461357
30 186 0.00223713646532438 -6.10255859461357
30 187 0.00223713646532438 -6.10255859461357
30 188 0.00223713646532438 -6.10255859461357
30 189 0.00223713646532438 -6.10255859461357
30 190 0.00223713646532438 -6.10255859461357
30 191 0.00223713646532438 -6.10255859461357
30 192 0.00223713646532438 -6.10255859461357
30 193 0.00223713646532438 -6.10255859461357
30 194 0.00223713646532438 -6.10255859461357
30 195 0.00223713646532438 -6.10255859461357
30 196 0.00223713646532438 -6.10255859461357
30 197 0.00223713646532438 -6.10255859461357
30 198 0.00223713646532438 -6.10255859461357
30 199 0.00223713646532438 -6.10255859461357
30 200 0.00223713646532438 -6.10255859461357
30 201 0.00223713646532438 -6.10255859461357
30 202 0.00223713646532438 -6.10255859461357
30 203 0.00223713646532438 -6.10255859461357
30 204 0.00223713646532438 -6.10255859461357
30 205 0.00223713646532438 -6.10255859461357
30 206 0.00223713646532438 -6.10255859461357
30 207 0.00223713646532438 -6.10255859461357
30 208 0.00223713646532438 -6.10255859461357
30 209 0.00223713646532438 -6.10255859461357
30 210 0.00223713646532438 -6.10255859461357
30 211 0.00223713646532438 -6.10255859461357
30 212 0.00223713646532438 -6.10255859461357
30 213 0.00223713646532438 -6.10255859461357
30 214 0.00223713646532438 -6.10255859461357
30 215 0.00223713646532438 -6.10255859461357
30 216 0.00223713646532438 -6.10255859461357
30 217 0.00223713646532438 -6.10255859461357
30 218 0.00223713646532438 -6.10255859461357
30 219 0.00223713646532438 -6.10255859461357
30 220 0.00223713646532438 -6.10255859461357
30 221 0.00223713646532438 -6.10255859461357
30 222 0.00223713646532438 -6.10255859461357
30 223 0.00223713646532438 -6.10255859461357
30 224 0.00223713646532438 -6.10255859461357
30 225 0.00223713646532438 -6.10255859461357
30 226 0.00223713646532438 -6.10255859461357
30 227 0.00223713646532438 -6.10255859461357
30 228 0.00223713646532438 -6.10255859461357
30 229 0.00223713646532438 -6.10255859461357
30 230 0.00223713646532438 -6.10255859461357
30 231 0.00223713646532438 -6.10255859461357
30 232 0.00223713646532438 -6.10255859461357
30 233 0.00223713646532438 -6.10255859461357
30 234 0.00223713646532438 -6.10255859461357
30 235 0.00223713646532438 -6.10255859461357
30 236 0.00223713646532438 -6.10255859461357
30 237 0.00223713646532438 -6.10255859461357
30 238 0.00223713646532438 -6.10255859461357
30 239 0.00223713646532438 -6.10255859461357
30 240 0.00223713646532438 -6.10255859461357
30 241 0.00223713646532438 -6.10255859461357
30 242 0.00223713646532438 -6.10255859461357
30 243 0.00223713646532438 -6.10255859461357
30 244 0.00223713646532438 -6.10255859461357
30 245 0.00223713646532438 -6.10255859461357
30 246 0.00223713646532438 -6.10255859461357
30 247 0.00223713646532438 -6.10255859461357
30 248 0.00223713646532438 -6.10255859461357
30 249 0.00223713646532438 -6.10255859461357
30 250 0.00223713646532438 -6.10255859461357
30 251 0.00223713646532438 -6.10255859461357
30 252 0.00223713646532438 -6.10255859461357
30 253 0.00223713646532438 -6.10255859461357
30 254 0.00223713646532438 -6.10255859461357
30 255 0.00223713646532438 -6.10255859461357
30 256 0.00223713646532438 -6.10255859461357
30 257 0.00223713646532438 -6.10255859461357
30 258 0.00223713646532438 -6.10255859461357
30 259 0.00223713646532438 -6.10255859461357
30 260 0.00223713646532438 -6.10255859461357
30 261 0.00223713646532438 -6.10255859461357
30 262 0.00223713646532438 -6.10255859461357
30 263 0.00223713646532438 -6.10255859461357
30 264 0.00223713646532438 -6.10255859461357
30 265 0.00223713646532438 -6.10255859461357
30 266 0.00223713646532438 -6.10255859461357
30 267 0.00223713646532438 -6.10255859461357
30 268 0.00223713646532438 -6.10255859461357
30 269 0.00223713646532438 -6.10255859461357
30 270 0.00223713646532438 -6.10255859461357
30 271 0.00223713646532438 -6.10255859461357
30 272 0.00223713646532438 -6.10255859461357
30 273 0.00223713646532438 -6.10255859461357
30 274 0.00223713646532438 -6.10255859461357
30 275 0.00223713646532438 -6.10255859461357
30 276 0.00223713646532438 -6.10255859461357
30 277 0.00223713646532438 -6.10255859461357
30 278 0.00223713646532438 -6.10255859461357
30 279 0.00223713646532438 -6.10255859461357
30 280 0.00223713646532438 -6.10255859461357
30 281 0.00223713646532438 -6.10255859461357
30 282 0.00223713646532438 -6.10255859461357
30 283 0.00223713646532438 -6.10255859461357
30 284 0.00223713646532438 -6.10255859461357
30 285 0.00223713646532438 -6.10255859461357
30 286 0.00223713646532438 -6.10255859461357
30 287 0.00223713646532438 -6.10255859461357
30 288 0.00223713646532438 -6.10255859461357
30 289 0.00223713646532438 -6.10255859461357
30 290 0.00223713646532438 -6.10255859461357
30 291 0.00223713646532438 -6.10255859461357
30 292 0.00223713646532438 -6.10255859461357
30 293 0.00223713646532438 -6.10255859461357
30 294 0.00223713646532438 -6.10255859461357
30 295 0.00223713646532438 -6.10255859461357
30 296 0.00223713646532438 -6.10255859461357
30 297 0.00223713646532438 -6.10255859461357
30 298 0.00223713646532438 -6.10255859461357
30 299 0.00223713646532438 -6.10255859461357
30 300 0.00223713646532438 -6.10255859461357
30 301 0.00223713646532438 -6.10255859461357
30 302 0.00223713646532438 -6.10255859461357
30 303 0.00223713646532438 -6.10255859461357
30 304 0.00223713646532438 -6.10255859461357
30 305 0.00223713646532438 -6.10255859461357
30 306 0.00223713646532438 -6.10255859461357
30 307 0.00223713646532438 -6.10255859461357
30 308 0.00223713646532438 -6.10255859461357
30 309 0.00223713646532438 -6.10255859461357
30 310 0.00223713646532438 -6.10255859461357
30 311 0.00223713646532438 -6.10255859461357
30 312 0.00223713646532438 -6.10255859461357
30 313 0.00223713646532438 -6.10255859461357
30 314 0.00223713646532438 -6.10255859461357
30 315 0.00223713646532438 -6.10255859461357
30 316 0.00223713646532438 -6.10255859461357
30 317 0.00223713646532438 -6.10255859461357
30 318 0.00223713646532438 -6.10255859461357
30 319 0.00223713646532438 -6.10255859461357
30 320 0.00223713646532438 -6.10255859461357
30 321 0.00223713646532438 -6.10255859461357
30 322 0.00223713646532438 -6.10255859461357
30 323 0.00223713646532438 -6.10255859461357
30 324 0.00223713646532438 -6.10255859461357
30 325 0.00223713646532438 -6.10255859461357
30 326 0.00223713646532438 -6.10255859461357
30 327 0.00223713646532438 -6.10255859461357
30 328 0.00223713646532438 -6.10255859461357
30 329 0.00223713646532438 -6.10255859461357
30 330 0.00223713646532438 -6.10255859461357
30 331 0.00223713646532438 -6.10255859461357
30 332 0.00223713646532438 -6.10255859461357
30 333 0.00223713646532438 -6.10255859461357
30 334 0.00223713646532438 -6.10255859461357
30 335 0.00223713646532438 -6.10255859461357
30 336 0.00223713646532438 -6.10255859461357
30 337 0.00223713646532438 -6.10255859461357
30 338 0.00223713646532438 -6.10255859461357
30 339 0.00223713646532438 -6.10255859461357
30 340 0.00223713646532438 -6.10255859461357
30 341 0.00223713646532438 -6.10255859461357
30 342 0.00223713646532438 -6.10255859461357
30 343 0.00223713646532438 -6.10255859461357
30 344 0.00223713646532438 -6.10255859461357
30 345 0.00223713646532438 -6.10255859461357
30 346 0.00223713646532438 -6.10255859461357
30 347 0.00223713646532438 -6.10255859461357
30 348 0.00223713646532438 -6.10255859461357
30 349 0.00223713646532438 -6.10255859461357
30 350 0.00223713646532438 -6.10255859461357
30 351 0.00223713646532438 -6.10255859461357
30 352 0.00223713646532438 -6.10255859461357
30 353 0.00223713646532438 -6.10255859461357
30 354 0.00223713646532438 -6.10255859461357
30 355 0.00223713646532438 -6.10255859461357
30 356 0.00223713646532438 -6.10255859461357
30 357 0.00223713646532438 -6.10255859461357
30 358 0.00223713646532438 -6.10255859461357
30 359 0.00223713646532438 -6.10255859461357
30 360 0.00223713646532438 -6.10255859461357
30 361 0.00223713646532438 -6.10255859461357
30 362 0.00223713646532438 -6.10255859461357
30 363 0.00223713646532438 -6.10255859461357
30 364 0.00223713646532438 -6.10255859461357
30 365 0.00223713646532438 -6.10255859461357
30 366 0.00223713646532438 -6.10255859461357
30 367 0.00223713646532438 -6.10255859461357
30 368 0.00223713646532438 -6.10255859461357
30 369 0.00223713646532438 -6.10255859461357
30 370 0.00223713646532438 -6.10255859461357
30 371 0.00223713646532438 -6.10255859461357
30 372 0.00223713646532438 -6.10255859461357
30 373 0.00223713646532438 -6.10255859461357
30 374 0.00223713646532438 -6.10255859461357
30 375 0.00223713646532438 -6.10255859461357
30 376 0.00223713646532438 -6.10255859461357
30 377 0.00223713646532438 -6.10255859461357
30 378 0.00223713646532438 -6.10255859461357
30 379 0.00223713646532438 -6.10255859461357
30 380 0.00223713646532438 -6.10255859461357
30 381 0.00223713646532438 -6.10255859461357
30 382 0.00223713646532438 -6.10255859461357
30 383 0.00223713646532438 -6.10255859461357
30 384 0.00223713646532438 -6.10255859461357
30 385 0.00223713646532438 -6.10255859461357
30 386 0.00223713646532438 -6.10255859461357
30 387 0.00223713646532438 -6.10255859461357
30 388 0.00223713646532438 -6.10255859461357
30 389 0.00223713646532438 -6.10255859461357
30 390 0.00223713646532438 -6.10255859461357
30 391 0.00223713646532438 -6.10255859461357
30 392 0.00223713646532438 -6.10255859461357
30 393 0.00223713646532438 -6.10255859461357
30 394 0.00223713646532438 -6.10255859461357
30 395 0.00223713646532438 -6.10255859461357
30 396 0.00223713646532438 -6.10255859461357
30 397 0.00223713646532438 -6.10255859461357
30 398 0.00223713646532438 -6.10255859461357
30 399 0.00223713646532438 -6.10255859461357
30 400 0.00223713646532438 -6.10255859461357
30 401 0.00223713646532438 -6.10255859461357
30 402 0.00223713646532438 -6.10255859461357
30 403 0.00223713646532438 -6.10255859461357
30 404 0.00223713646532438 -6.10255859461357
30 405 0.00223713646532438 -6.10255859461357
30 406 0.00223713646532438 -6.10255859461357
30 407 0.00223713646532438 -6.10255859461357
30 408 0.00223713646532438 -6.10255859461357
30 409 0.00223713646532438 -6.10255859461357
30 410 0.00223713646532438 -6.10255859461357
30 411 0.00223713646532438 -6.10255859461357
30 412 0.00223713646532438 -6.10255859461357
30 413 0.00223713646532438 -6.10255859461357
30 414 0.00223713646532438 -6.10255859461357
30 415 0.00223713646532438 -6.10255859461357
30 416 0.00223713646532438 -6.10255859461357
30 417 0.00223713646532438 -6.10255859461357
30 418 0.00223713646532438 -6.10255859461357
30 419 0.00223713646532438 -6.10255859461357
30 420 0.00223713646532438 -6.10255859461357
30 421 0.00223713646532438 -6.10255859461357
30 422 0.00223713646532438 -6.10255859461357
30 423 0.00223713646532438 -6.10255859461357
30 424 0.00223713646532438 -6.10255859461357
30 425 0.00223713646532438 -6.10255859461357
30 426 0.00223713646532438 -6.10255859461357
30 427 0.00223713646532438 -6.10255859461357
30 428 0.00223713646532438 -6.10255859461357
30 429 0.00223713646532438 -6.10255859461357
30 430 0.00223713646532438 -6.10255859461357
30 431 0.00223713646532438 -6.10255859461357
30 432 0.00223713646532438 -6.10255859461357
30 433 0.00223713646532438 -6.10255859461357
30 434 0.00223713646532438 -6.10255859461357
30 435 0.00223713646532438 -6.10255859461357
30 436 0.00223713646532438 -6.10255859461357
30 437 0.00223713646532438 -6.10255859461357
30 438 0.00223713646532438 -6.10255859461357
30 439 0.00223713646532438 -6.10255859461357
30 440 0.00223713646532438 -6.10255859461357
30 441 0.00223713646532438 -6.10255859461357
30 442 0.00223713646532438 -6.10255859461357
30 443 0.00223713646532438 -6.10255859461357
30 444 0.00223713646532438 -6.10255859461357
30 445 0.00223713646532438 -6.10255859461357
30 446 0.00223713646532438 -6.10255859461357
30 447 0.00223713646532438 -6.10255859461357

0 0 0.3 -0.91629073
3 0 0.2 -1.2039728
5 0 0.2 -1.6094379
11 0 0.05 -2.9957323
13 0 0.05 -2.9957323
30 0 0.2 -1.6094379

1 28
