0 0 0.7 -0.35667494
0 1 0.3 -1.2039728
1 2 0.5 -0.69314718
1 3 0.05 -2.9957323
1 4 0.3 -1.2039728 
1 5 0.05 -2.9957323
1 10 0.1 -2.3025851
2 5 0.7 -0.35667494
2 3 0.1 -2.3025851
2 4 0.1 -2.3025851
2 10 0.1 -2.3025851
3 3 0.2 -1.6094379
3 4 0.8 -0.22314355
4 5 1 0
5 6 1 0
6 7 1 0
7 18 0.1 -2.3025851
7 8 0.5 -0.69314718
7 37 0.2 -1.6094379
7 19 0.1 -2.3025851 
7 21 0.1 -2.3025851
8 9 1 0
9 37 0.7 -0.3566749
9 19 0.2 -1.6094379
9 21 0.1 -2.3025851
10 11 1 0
11 12 0.1 -2.3025851
11 13 0.2 -1.6094379
11 14 0.7 -0.3566749
12 12 0.3 -1.2039728
12 14 0.7 -0.3566749
14 15 1 0
15 16 1 0
16 37 1 0
18 19 0.5 -0.69314718
18 21 0.5 -0.69314718 
19 20 0.7 -0.35667494
19 21 0.3 -1.2039728
20 21 1 0
21 22 1 0
22 23 0.3 -1.2039728
22 25 0.1 -2.3025851
22 26 0.1 -2.3025851
22 29 0.25 -1.3862944
22 30 0.25 -1.3862944
23 24 1 0
24 25 0.6 -0.51082562
24 26 0.4 -0.91629073
25 26 1 0 
26 27 1 0
27 28 1 0
28 36 0.8 -0.22314355131421
28 35 0.2 -1.6094379124341 
29 30 1 0
30 31 1 0
31 32 1 0
32 33 0.25 -1.3862944
32 35 0.25 -1.3862944
32 36 0.5 -0.69314718
33 34 1 0
34 36 0.8 -0.22314355131421 
34 35 0.2 -1.6094379124341
35 36 1 0
36 36 0.6 -0.51082562
36 58 0.1 -2.3025851
36 17 0.3 -1.2039728
37 38 0.1 -2.3025851
37 37 0.5 -0.69314718
37 17 0.1 -2.3025851
37 58 0.1 -2.3025851
37 39 0.1 -2.3025851
37 41 0.1 -2.3025851
38 39 0.5 -0.69314718
38 41 0.5 -0.69314718
39 40 0.7 -0.35667494
39 41 0.3 -1.2039728
40 41 1 0
41 42 1 0
42 43 0.3 -1.2039728
42 45 0.1 -2.3025851
42 46 0.1 -2.3025851
42 49 0.25 -1.3862944
42 50 0.25 -1.3862944
43 44 1 0
44 45 0.6 -0.51082562
44 46 0.4 -0.91629073
45 46 1 0
46 47 1 0
47 48 1 0
48 17 0.7 -0.35667494
48 55 0.1 -2.3025851
48 58 0.2 -1.6094379124341
49 50 1 0
50 51 1 0
51 52 1 0
52 55 0.25 -1.3862944
52 55 0.25 -1.3862944
52 17 0.4 -0.9162907
52 58 0.1 -2.3025851
53 54 1 0
54 17 0.7 -0.35667494
54 55 0.1 -2.3025851
54 58 0.2 -1.6094379124341
55 17 0.8 -0.22314355131421
55 58 0.2 -1.6094379124341
17 56 1 0
56 57 1 0
57 57 1 0
58 59 1 0
59 57 1 0

0 7 0.00109170305676856 -6.82001636467413
0 8 0.00109170305676856 -6.82001636467413
0 9 0.00109170305676856 -6.82001636467413
0 10 0.00109170305676856 -6.82001636467413
0 11 0.00109170305676856 -6.82001636467413
0 12 0.00109170305676856 -6.82001636467413
0 13 0.00109170305676856 -6.82001636467413
0 14 0.00109170305676856 -6.82001636467413
0 15 0.00109170305676856 -6.82001636467413
0 16 0.00109170305676856 -6.82001636467413
0 17 0.00109170305676856 -6.82001636467413
0 18 0.00109170305676856 -6.82001636467413
0 19 0.00109170305676856 -6.82001636467413
0 20 0.00109170305676856 -6.82001636467413
0 21 0.00109170305676856 -6.82001636467413
0 22 0.00109170305676856 -6.82001636467413
0 23 0.00109170305676856 -6.82001636467413
0 24 0.00109170305676856 -6.82001636467413
0 25 0.00109170305676856 -6.82001636467413
0 26 0.00109170305676856 -6.82001636467413
0 27 0.00109170305676856 -6.82001636467413
0 28 0.00109170305676856 -6.82001636467413
0 29 0.00109170305676856 -6.82001636467413
0 31 0.00109170305676856 -6.82001636467413
0 32 0.00109170305676856 -6.82001636467413
0 33 0.00109170305676856 -6.82001636467413
0 34 0.00109170305676856 -6.82001636467413
0 35 0.00109170305676856 -6.82001636467413
0 36 0.00109170305676856 -6.82001636467413
0 37 0.00109170305676856 -6.82001636467413
0 38 0.00109170305676856 -6.82001636467413
0 39 0.00109170305676856 -6.82001636467413
0 40 0.00109170305676856 -6.82001636467413
0 41 0.00109170305676856 -6.82001636467413
0 42 0.00109170305676856 -6.82001636467413
0 43 0.00109170305676856 -6.82001636467413
0 44 0.00109170305676856 -6.82001636467413
0 45 0.00109170305676856 -6.82001636467413
0 46 0.00109170305676856 -6.82001636467413
0 47 0.00109170305676856 -6.82001636467413
0 48 0.00109170305676856 -6.82001636467413
0 49 0.00109170305676856 -6.82001636467413
0 50 0.00109170305676856 -6.82001636467413
0 51 0.00109170305676856 -6.82001636467413
0 52 0.00109170305676856 -6.82001636467413
0 53 0.00109170305676856 -6.82001636467413
0 54 0.00109170305676856 -6.82001636467413
0 55 0.00109170305676856 -6.82001636467413
0 56 0.00109170305676856 -6.82001636467413
0 57 0.00109170305676856 -6.82001636467413
0 58 0.00109170305676856 -6.82001636467413
0 59 0.00109170305676856 -6.82001636467413
0 60 0.00109170305676856 -6.82001636467413
0 61 0.00109170305676856 -6.82001636467413
0 62 0.00109170305676856 -6.82001636467413
0 63 0.00109170305676856 -6.82001636467413
0 64 0.00109170305676856 -6.82001636467413
0 65 0.00109170305676856 -6.82001636467413
0 66 0.00109170305676856 -6.82001636467413
0 67 0.00109170305676856 -6.82001636467413
0 68 0.00109170305676856 -6.82001636467413
0 69 0.00109170305676856 -6.82001636467413
0 70 0.00109170305676856 -6.82001636467413
0 71 0.00109170305676856 -6.82001636467413
0 72 0.00109170305676856 -6.82001636467413
0 73 0.00109170305676856 -6.82001636467413
0 75 0.00109170305676856 -6.82001636467413
0 76 0.00109170305676856 -6.82001636467413
0 77 0.00109170305676856 -6.82001636467413
0 78 0.00109170305676856 -6.82001636467413
0 79 0.00109170305676856 -6.82001636467413
0 80 0.00109170305676856 -6.82001636467413
0 81 0.00109170305676856 -6.82001636467413
0 82 0.00109170305676856 -6.82001636467413
0 83 0.00109170305676856 -6.82001636467413
0 84 0.00109170305676856 -6.82001636467413
0 85 0.00109170305676856 -6.82001636467413
0 86 0.00109170305676856 -6.82001636467413
0 87 0.00109170305676856 -6.82001636467413
0 88 0.00109170305676856 -6.82001636467413
0 89 0.00109170305676856 -6.82001636467413
0 90 0.00109170305676856 -6.82001636467413
0 91 0.00109170305676856 -6.82001636467413
0 92 0.00109170305676856 -6.82001636467413
0 93 0.00109170305676856 -6.82001636467413
0 94 0.00109170305676856 -6.82001636467413
0 95 0.00109170305676856 -6.82001636467413
0 96 0.00109170305676856 -6.82001636467413
0 97 0.00109170305676856 -6.82001636467413
0 98 0.00109170305676856 -6.82001636467413
0 99 0.00109170305676856 -6.82001636467413
0 100 0.00109170305676856 -6.82001636467413
0 101 0.00109170305676856 -6.82001636467413
0 102 0.00109170305676856 -6.82001636467413
0 103 0.00109170305676856 -6.82001636467413
0 104 0.00109170305676856 -6.82001636467413
0 105 0.00109170305676856 -6.82001636467413
0 106 0.00109170305676856 -6.82001636467413
0 107 0.00109170305676856 -6.82001636467413
0 108 0.00109170305676856 -6.82001636467413
0 109 0.00109170305676856 -6.82001636467413
0 110 0.00109170305676856 -6.82001636467413
0 111 0.00109170305676856 -6.82001636467413
0 112 0.00109170305676856 -6.82001636467413
0 113 0.00109170305676856 -6.82001636467413
0 114 0.00109170305676856 -6.82001636467413
0 115 0.00109170305676856 -6.82001636467413
0 116 0.00109170305676856 -6.82001636467413
0 117 0.00109170305676856 -6.82001636467413
0 118 0.00109170305676856 -6.82001636467413
0 119 0.00109170305676856 -6.82001636467413
0 120 0.00109170305676856 -6.82001636467413
0 121 0.00109170305676856 -6.82001636467413
0 122 0.00109170305676856 -6.82001636467413
0 123 0.00109170305676856 -6.82001636467413
0 124 0.00109170305676856 -6.82001636467413
0 125 0.00109170305676856 -6.82001636467413
0 126 0.00109170305676856 -6.82001636467413
0 127 0.00109170305676856 -6.82001636467413
0 128 0.00109170305676856 -6.82001636467413
0 129 0.00109170305676856 -6.82001636467413
0 130 0.00109170305676856 -6.82001636467413
0 131 0.00109170305676856 -6.82001636467413
0 132 0.00109170305676856 -6.82001636467413
0 133 0.00109170305676856 -6.82001636467413
0 134 0.00109170305676856 -6.82001636467413
0 135 0.00109170305676856 -6.82001636467413
0 136 0.00109170305676856 -6.82001636467413
0 137 0.00109170305676856 -6.82001636467413
0 138 0.00109170305676856 -6.82001636467413
0 139 0.00109170305676856 -6.82001636467413
0 140 0.00109170305676856 -6.82001636467413
0 141 0.00109170305676856 -6.82001636467413
0 142 0.00109170305676856 -6.82001636467413
0 143 0.00109170305676856 -6.82001636467413
0 144 0.00109170305676856 -6.82001636467413
0 145 0.00109170305676856 -6.82001636467413
0 146 0.00109170305676856 -6.82001636467413
0 147 0.00109170305676856 -6.82001636467413
0 148 0.00109170305676856 -6.82001636467413
0 149 0.00109170305676856 -6.82001636467413
0 150 0.00109170305676856 -6.82001636467413
0 151 0.00109170305676856 -6.82001636467413
0 152 0.00109170305676856 -6.82001636467413
0 153 0.00109170305676856 -6.82001636467413
0 154 0.00109170305676856 -6.82001636467413
0 155 0.00109170305676856 -6.82001636467413
0 156 0.00109170305676856 -6.82001636467413
0 157 0.00109170305676856 -6.82001636467413
0 158 0.00109170305676856 -6.82001636467413
0 159 0.00109170305676856 -6.82001636467413
0 160 0.00109170305676856 -6.82001636467413
0 161 0.00109170305676856 -6.82001636467413
0 162 0.00109170305676856 -6.82001636467413
0 163 0.00109170305676856 -6.82001636467413
0 164 0.00109170305676856 -6.82001636467413
0 165 0.00109170305676856 -6.82001636467413
0 166 0.00109170305676856 -6.82001636467413
0 167 0.00109170305676856 -6.82001636467413
0 168 0.00109170305676856 -6.82001636467413
0 169 0.00109170305676856 -6.82001636467413
0 170 0.00109170305676856 -6.82001636467413
0 171 0.00109170305676856 -6.82001636467413
0 172 0.00109170305676856 -6.82001636467413
0 173 0.00109170305676856 -6.82001636467413
0 174 0.00109170305676856 -6.82001636467413
0 175 0.00109170305676856 -6.82001636467413
0 176 0.00109170305676856 -6.82001636467413
0 177 0.00109170305676856 -6.82001636467413
0 178 0.00109170305676856 -6.82001636467413
0 179 0.00109170305676856 -6.82001636467413
0 180 0.00109170305676856 -6.82001636467413
0 181 0.00109170305676856 -6.82001636467413
0 182 0.00109170305676856 -6.82001636467413
0 183 0.00109170305676856 -6.82001636467413
0 184 0.00109170305676856 -6.82001636467413
0 185 0.00109170305676856 -6.82001636467413
0 186 0.00109170305676856 -6.82001636467413
0 187 0.00109170305676856 -6.82001636467413
0 188 0.00109170305676856 -6.82001636467413
0 189 0.00109170305676856 -6.82001636467413
0 190 0.00109170305676856 -6.82001636467413
0 191 0.00109170305676856 -6.82001636467413
0 192 0.00109170305676856 -6.82001636467413
0 193 0.00109170305676856 -6.82001636467413
0 194 0.00109170305676856 -6.82001636467413
0 195 0.00109170305676856 -6.82001636467413
0 196 0.00109170305676856 -6.82001636467413
0 197 0.00109170305676856 -6.82001636467413
0 198 0.00109170305676856 -6.82001636467413
0 199 0.00109170305676856 -6.82001636467413
0 200 0.00109170305676856 -6.82001636467413
0 201 0.00109170305676856 -6.82001636467413
0 202 0.00109170305676856 -6.82001636467413
0 203 0.00109170305676856 -6.82001636467413
0 204 0.00109170305676856 -6.82001636467413
0 205 0.00109170305676856 -6.82001636467413
0 206 0.00109170305676856 -6.82001636467413
0 207 0.00109170305676856 -6.82001636467413
0 208 0.00109170305676856 -6.82001636467413
0 209 0.00109170305676856 -6.82001636467413
0 210 0.00109170305676856 -6.82001636467413
0 211 0.00109170305676856 -6.82001636467413
0 212 0.00109170305676856 -6.82001636467413
0 213 0.00109170305676856 -6.82001636467413
0 214 0.00109170305676856 -6.82001636467413
0 215 0.00109170305676856 -6.82001636467413
0 216 0.00109170305676856 -6.82001636467413
0 217 0.00109170305676856 -6.82001636467413
0 218 0.00109170305676856 -6.82001636467413
0 220 0.00109170305676856 -6.82001636467413
0 221 0.00109170305676856 -6.82001636467413
0 222 0.00109170305676856 -6.82001636467413
0 223 0.00109170305676856 -6.82001636467413
0 224 0.00109170305676856 -6.82001636467413
0 225 0.00109170305676856 -6.82001636467413
0 226 0.00109170305676856 -6.82001636467413
0 227 0.00109170305676856 -6.82001636467413
0 228 0.00109170305676856 -6.82001636467413
0 229 0.00109170305676856 -6.82001636467413
0 230 0.00109170305676856 -6.82001636467413
0 231 0.00109170305676856 -6.82001636467413
0 232 0.00109170305676856 -6.82001636467413
0 235 0.00109170305676856 -6.82001636467413
0 236 0.00109170305676856 -6.82001636467413
0 237 0.00109170305676856 -6.82001636467413
0 238 0.00109170305676856 -6.82001636467413
0 239 0.00109170305676856 -6.82001636467413
0 240 0.00109170305676856 -6.82001636467413
0 241 0.00109170305676856 -6.82001636467413
0 242 0.00109170305676856 -6.82001636467413
0 243 0.00109170305676856 -6.82001636467413
0 244 0.00109170305676856 -6.82001636467413
0 245 0.00109170305676856 -6.82001636467413
0 246 0.00109170305676856 -6.82001636467413
0 247 0.00109170305676856 -6.82001636467413
0 248 0.00109170305676856 -6.82001636467413
0 249 0.00109170305676856 -6.82001636467413
0 250 0.00109170305676856 -6.82001636467413
0 251 0.00109170305676856 -6.82001636467413
0 252 0.00109170305676856 -6.82001636467413
0 253 0.00109170305676856 -6.82001636467413
0 254 0.00109170305676856 -6.82001636467413
0 255 0.00109170305676856 -6.82001636467413
0 256 0.00109170305676856 -6.82001636467413
0 257 0.00109170305676856 -6.82001636467413
0 258 0.00109170305676856 -6.82001636467413
0 259 0.00109170305676856 -6.82001636467413
0 260 0.00109170305676856 -6.82001636467413
0 261 0.00109170305676856 -6.82001636467413
0 262 0.00109170305676856 -6.82001636467413
0 263 0.00109170305676856 -6.82001636467413
0 265 0.00109170305676856 -6.82001636467413
0 266 0.00109170305676856 -6.82001636467413
0 267 0.00109170305676856 -6.82001636467413
0 268 0.00109170305676856 -6.82001636467413
0 269 0.00109170305676856 -6.82001636467413
0 270 0.00109170305676856 -6.82001636467413
0 271 0.00109170305676856 -6.82001636467413
0 272 0.00109170305676856 -6.82001636467413
0 273 0.00109170305676856 -6.82001636467413
0 274 0.00109170305676856 -6.82001636467413
0 275 0.00109170305676856 -6.82001636467413
0 276 0.00109170305676856 -6.82001636467413
0 277 0.00109170305676856 -6.82001636467413
0 278 0.00109170305676856 -6.82001636467413
0 279 0.00109170305676856 -6.82001636467413
0 280 0.00109170305676856 -6.82001636467413
0 281 0.00109170305676856 -6.82001636467413
0 282 0.00109170305676856 -6.82001636467413
0 283 0.00109170305676856 -6.82001636467413
0 284 0.00109170305676856 -6.82001636467413
0 285 0.00109170305676856 -6.82001636467413
0 286 0.00109170305676856 -6.82001636467413
0 287 0.00109170305676856 -6.82001636467413
0 288 0.00109170305676856 -6.82001636467413
0 289 0.00109170305676856 -6.82001636467413
0 290 0.00109170305676856 -6.82001636467413
0 291 0.00109170305676856 -6.82001636467413
0 292 0.00109170305676856 -6.82001636467413
0 293 0.00109170305676856 -6.82001636467413
0 294 0.00109170305676856 -6.82001636467413
0 295 0.00109170305676856 -6.82001636467413
0 296 0.00109170305676856 -6.82001636467413
0 297 0.00109170305676856 -6.82001636467413
0 298 0.00109170305676856 -6.82001636467413
0 299 0.00109170305676856 -6.82001636467413
0 300 0.00109170305676856 -6.82001636467413
0 301 0.00109170305676856 -6.82001636467413
0 302 0.00109170305676856 -6.82001636467413
0 303 0.00109170305676856 -6.82001636467413
0 304 0.00109170305676856 -6.82001636467413
0 305 0.00109170305676856 -6.82001636467413
0 306 0.00109170305676856 -6.82001636467413
0 307 0.00109170305676856 -6.82001636467413
0 308 0.00109170305676856 -6.82001636467413
0 309 0.00109170305676856 -6.82001636467413
0 310 0.00109170305676856 -6.82001636467413
0 311 0.00109170305676856 -6.82001636467413
0 312 0.00109170305676856 -6.82001636467413
0 313 0.00109170305676856 -6.82001636467413
0 314 0.00109170305676856 -6.82001636467413
0 315 0.00109170305676856 -6.82001636467413
0 316 0.00109170305676856 -6.82001636467413
0 317 0.00109170305676856 -6.82001636467413
0 318 0.00109170305676856 -6.82001636467413
0 319 0.00109170305676856 -6.82001636467413
0 320 0.00109170305676856 -6.82001636467413
0 321 0.00109170305676856 -6.82001636467413
0 322 0.00109170305676856 -6.82001636467413
0 323 0.00109170305676856 -6.82001636467413
0 324 0.00109170305676856 -6.82001636467413
0 325 0.00109170305676856 -6.82001636467413
0 326 0.00109170305676856 -6.82001636467413
0 327 0.00109170305676856 -6.82001636467413
0 328 0.00109170305676856 -6.82001636467413
0 329 0.00109170305676856 -6.82001636467413
0 330 0.00109170305676856 -6.82001636467413
0 331 0.00109170305676856 -6.82001636467413
0 332 0.00109170305676856 -6.82001636467413
0 333 0.00109170305676856 -6.82001636467413
0 335 0.00109170305676856 -6.82001636467413
0 336 0.00109170305676856 -6.82001636467413
0 337 0.00109170305676856 -6.82001636467413
0 338 0.00109170305676856 -6.82001636467413
0 339 0.00109170305676856 -6.82001636467413
0 340 0.00109170305676856 -6.82001636467413
0 341 0.00109170305676856 -6.82001636467413
0 342 0.00109170305676856 -6.82001636467413
0 343 0.00109170305676856 -6.82001636467413
0 344 0.00109170305676856 -6.82001636467413
0 345 0.00109170305676856 -6.82001636467413
0 346 0.00109170305676856 -6.82001636467413
0 347 0.00109170305676856 -6.82001636467413
0 348 0.00109170305676856 -6.82001636467413
0 349 0.00109170305676856 -6.82001636467413
0 350 0.00109170305676856 -6.82001636467413
0 351 0.00109170305676856 -6.82001636467413
0 352 0.00109170305676856 -6.82001636467413
0 353 0.00109170305676856 -6.82001636467413
0 354 0.00109170305676856 -6.82001636467413
0 355 0.00109170305676856 -6.82001636467413
0 356 0.00109170305676856 -6.82001636467413
0 357 0.00109170305676856 -6.82001636467413
0 358 0.00109170305676856 -6.82001636467413
0 359 0.00109170305676856 -6.82001636467413
0 360 0.00109170305676856 -6.82001636467413
0 362 0.00109170305676856 -6.82001636467413
0 363 0.00109170305676856 -6.82001636467413
0 364 0.00109170305676856 -6.82001636467413
0 365 0.00109170305676856 -6.82001636467413
0 367 0.00109170305676856 -6.82001636467413
0 368 0.00109170305676856 -6.82001636467413
0 369 0.00109170305676856 -6.82001636467413
0 370 0.00109170305676856 -6.82001636467413
0 371 0.00109170305676856 -6.82001636467413
0 372 0.00109170305676856 -6.82001636467413
0 373 0.00109170305676856 -6.82001636467413
0 374 0.00109170305676856 -6.82001636467413
0 375 0.00109170305676856 -6.82001636467413
0 376 0.00109170305676856 -6.82001636467413
0 377 0.00109170305676856 -6.82001636467413
0 378 0.00109170305676856 -6.82001636467413
0 379 0.00109170305676856 -6.82001636467413
0 380 0.00109170305676856 -6.82001636467413
0 381 0.00109170305676856 -6.82001636467413
0 382 0.00109170305676856 -6.82001636467413
0 383 0.00109170305676856 -6.82001636467413
0 384 0.00109170305676856 -6.82001636467413
0 385 0.00109170305676856 -6.82001636467413
0 386 0.00109170305676856 -6.82001636467413
0 387 0.00109170305676856 -6.82001636467413
0 388 0.00109170305676856 -6.82001636467413
0 389 0.00109170305676856 -6.82001636467413
0 390 0.00109170305676856 -6.82001636467413
0 391 0.00109170305676856 -6.82001636467413
0 392 0.00109170305676856 -6.82001636467413
0 393 0.00109170305676856 -6.82001636467413
0 394 0.00109170305676856 -6.82001636467413
0 395 0.00109170305676856 -6.82001636467413
0 396 0.00109170305676856 -6.82001636467413
0 397 0.00109170305676856 -6.82001636467413
0 398 0.00109170305676856 -6.82001636467413
0 399 0.00109170305676856 -6.82001636467413
0 400 0.00109170305676856 -6.82001636467413
0 401 0.00109170305676856 -6.82001636467413
0 402 0.00109170305676856 -6.82001636467413
0 403 0.00109170305676856 -6.82001636467413
0 404 0.00109170305676856 -6.82001636467413
0 405 0.00109170305676856 -6.82001636467413
0 406 0.00109170305676856 -6.82001636467413
0 407 0.00109170305676856 -6.82001636467413
0 408 0.00109170305676856 -6.82001636467413
0 409 0.00109170305676856 -6.82001636467413
0 410 0.00109170305676856 -6.82001636467413
0 411 0.00109170305676856 -6.82001636467413
0 412 0.00109170305676856 -6.82001636467413
0 413 0.00109170305676856 -6.82001636467413
0 414 0.00109170305676856 -6.82001636467413
0 415 0.00109170305676856 -6.82001636467413
0 416 0.00109170305676856 -6.82001636467413
0 417 0.00109170305676856 -6.82001636467413
0 418 0.00109170305676856 -6.82001636467413
0 419 0.00109170305676856 -6.82001636467413
0 420 0.00109170305676856 -6.82001636467413
0 421 0.00109170305676856 -6.82001636467413
0 422 0.00109170305676856 -6.82001636467413
0 423 0.00109170305676856 -6.82001636467413
0 424 0.00109170305676856 -6.82001636467413
0 425 0.00109170305676856 -6.82001636467413
0 426 0.00109170305676856 -6.82001636467413
0 427 0.00109170305676856 -6.82001636467413
0 428 0.00109170305676856 -6.82001636467413
0 429 0.00109170305676856 -6.82001636467413
0 430 0.00109170305676856 -6.82001636467413
0 431 0.00109170305676856 -6.82001636467413
0 432 0.00109170305676856 -6.82001636467413
0 433 0.00109170305676856 -6.82001636467413
0 434 0.00109170305676856 -6.82001636467413
0 436 0.00109170305676856 -6.82001636467413
0 437 0.00109170305676856 -6.82001636467413
0 438 0.00109170305676856 -6.82001636467413
0 439 0.00109170305676856 -6.82001636467413
0 440 0.00109170305676856 -6.82001636467413
0 441 0.00109170305676856 -6.82001636467413
0 442 0.00109170305676856 -6.82001636467413
0 443 0.00109170305676856 -6.82001636467413
0 444 0.00109170305676856 -6.82001636467413
0 445 0.00109170305676856 -6.82001636467413
0 446 0.00109170305676856 -6.82001636467413
0 447 0.00109170305676856 -6.82001636467413
0 448 0.00109170305676856 -6.82001636467413
0 449 0.00109170305676856 -6.82001636467413
0 450 0.00109170305676856 -6.82001636467413
0 452 0.00109170305676856 -6.82001636467413
0 453 0.00109170305676856 -6.82001636467413
0 454 0.00109170305676856 -6.82001636467413
0 456 0.00109170305676856 -6.82001636467413
0 457 0.00109170305676856 -6.82001636467413
0 458 0.00109170305676856 -6.82001636467413
0 460 0.00109170305676856 -6.82001636467413
0 461 0.00109170305676856 -6.82001636467413
0 462 0.00109170305676856 -6.82001636467413
0 463 0.00109170305676856 -6.82001636467413
0 464 0.00109170305676856 -6.82001636467413
0 465 0.00109170305676856 -6.82001636467413
0 466 0.00109170305676856 -6.82001636467413
0 467 0.00109170305676856 -6.82001636467413
0 468 0.00109170305676856 -6.82001636467413
0 469 0.00109170305676856 -6.82001636467413
0 470 0.00109170305676856 -6.82001636467413
0 471 0.00109170305676856 -6.82001636467413
0 472 0.00109170305676856 -6.82001636467413
0 473 0.00109170305676856 -6.82001636467413
0 474 0.02401746724890829694 -3.72897391131581
0 475 0.00109170305676856 -6.82001636467413
0 476 0.00109170305676856 -6.82001636467413
0 477 0.00109170305676856 -6.82001636467413
0 478 0.00109170305676856 -6.82001636467413
0 479 0.00109170305676856 -6.82001636467413
0 480 0.00109170305676856 -6.82001636467413
0 481 0.00109170305676856 -6.82001636467413
0 482 0.00109170305676856 -6.82001636467413
0 483 0.00109170305676856 -6.82001636467413
0 484 0.00109170305676856 -6.82001636467413
0 485 0.00109170305676856 -6.82001636467413
0 486 0.00109170305676856 -6.82001636467413
0 487 0.00109170305676856 -6.82001636467413
0 488 0.00109170305676856 -6.82001636467413
0 489 0.00109170305676856 -6.82001636467413
0 490 0.00109170305676856 -6.82001636467413
0 491 0.00109170305676856 -6.82001636467413
0 492 0.00109170305676856 -6.82001636467413
0 493 0.00109170305676856 -6.82001636467413
0 494 0.00109170305676856 -6.82001636467413
0 495 0.00109170305676856 -6.82001636467413
0 496 0.00109170305676856 -6.82001636467413
0 497 0.00109170305676856 -6.82001636467413
0 498 0.00109170305676856 -6.82001636467413
0 499 0.00109170305676856 -6.82001636467413
0 500 0.00109170305676856 -6.82001636467413
0 501 0.00109170305676856 -6.82001636467413
0 502 0.00109170305676856 -6.82001636467413
0 503 0.00109170305676856 -6.82001636467413
0 504 0.00109170305676856 -6.82001636467413
0 505 0.00109170305676856 -6.82001636467413
0 506 0.00109170305676856 -6.82001636467413
0 507 0.00109170305676856 -6.82001636467413
0 508 0.00109170305676856 -6.82001636467413
0 509 0.00109170305676856 -6.82001636467413
0 510 0.00109170305676856 -6.82001636467413
0 511 0.00109170305676856 -6.82001636467413
0 512 0.00109170305676856 -6.82001636467413
0 513 0.00109170305676856 -6.82001636467413
0 514 0.00109170305676856 -6.82001636467413
0 515 0.00109170305676856 -6.82001636467413
0 516 0.00109170305676856 -6.82001636467413
0 517 0.00109170305676856 -6.82001636467413
0 518 0.00109170305676856 -6.82001636467413
0 519 0.00109170305676856 -6.82001636467413
0 521 0.00109170305676856 -6.82001636467413
0 522 0.00109170305676856 -6.82001636467413
0 523 0.00109170305676856 -6.82001636467413
0 524 0.00109170305676856 -6.82001636467413
0 525 0.00109170305676856 -6.82001636467413
0 526 0.00109170305676856 -6.82001636467413
0 527 0.00109170305676856 -6.82001636467413
0 528 0.00109170305676856 -6.82001636467413
0 529 0.00109170305676856 -6.82001636467413
0 530 0.00109170305676856 -6.82001636467413
0 531 0.00109170305676856 -6.82001636467413
0 532 0.00109170305676856 -6.82001636467413
0 533 0.00109170305676856 -6.82001636467413
0 534 0.00109170305676856 -6.82001636467413
0 535 0.00109170305676856 -6.82001636467413
0 536 0.00109170305676856 -6.82001636467413
0 537 0.00109170305676856 -6.82001636467413
0 538 0.00109170305676856 -6.82001636467413
0 539 0.00109170305676856 -6.82001636467413
0 540 0.00109170305676856 -6.82001636467413
0 541 0.00109170305676856 -6.82001636467413
0 542 0.00109170305676856 -6.82001636467413
0 543 0.00109170305676856 -6.82001636467413
0 544 0.00109170305676856 -6.82001636467413
0 545 0.00109170305676856 -6.82001636467413
0 546 0.00109170305676856 -6.82001636467413
0 547 0.00109170305676856 -6.82001636467413
0 548 0.00109170305676856 -6.82001636467413
0 549 0.00109170305676856 -6.82001636467413
0 550 0.00109170305676856 -6.82001636467413
0 552 0.00109170305676856 -6.82001636467413
0 553 0.00109170305676856 -6.82001636467413
0 554 0.00109170305676856 -6.82001636467413
0 555 0.00109170305676856 -6.82001636467413
0 556 0.00109170305676856 -6.82001636467413
0 557 0.00109170305676856 -6.82001636467413
0 558 0.00109170305676856 -6.82001636467413
0 559 0.00109170305676856 -6.82001636467413
0 560 0.00109170305676856 -6.82001636467413
0 561 0.00109170305676856 -6.82001636467413
0 562 0.00109170305676856 -6.82001636467413
0 563 0.00109170305676856 -6.82001636467413
0 564 0.00109170305676856 -6.82001636467413
0 565 0.00109170305676856 -6.82001636467413
0 566 0.00109170305676856 -6.82001636467413
0 567 0.00109170305676856 -6.82001636467413
0 568 0.00109170305676856 -6.82001636467413
0 569 0.00109170305676856 -6.82001636467413
0 570 0.00109170305676856 -6.82001636467413
0 571 0.00109170305676856 -6.82001636467413
0 572 0.00109170305676856 -6.82001636467413
0 573 0.00109170305676856 -6.82001636467413
0 574 0.00109170305676856 -6.82001636467413
0 575 0.00109170305676856 -6.82001636467413
0 576 0.00109170305676856 -6.82001636467413
0 577 0.00109170305676856 -6.82001636467413
0 578 0.00109170305676856 -6.82001636467413
0 579 0.00109170305676856 -6.82001636467413
0 580 0.00109170305676856 -6.82001636467413
0 581 0.00109170305676856 -6.82001636467413
0 582 0.00109170305676856 -6.82001636467413
0 583 0.00109170305676856 -6.82001636467413
0 584 0.00109170305676856 -6.82001636467413
0 585 0.00109170305676856 -6.82001636467413
0 586 0.00109170305676856 -6.82001636467413
0 587 0.00109170305676856 -6.82001636467413
0 588 0.00109170305676856 -6.82001636467413
0 589 0.00109170305676856 -6.82001636467413
0 590 0.00109170305676856 -6.82001636467413
0 591 0.00109170305676856 -6.82001636467413
0 592 0.00109170305676856 -6.82001636467413
0 593 0.00109170305676856 -6.82001636467413
0 594 0.00109170305676856 -6.82001636467413
0 595 0.00109170305676856 -6.82001636467413
0 596 0.00109170305676856 -6.82001636467413
0 597 0.00109170305676856 -6.82001636467413
0 598 0.00109170305676856 -6.82001636467413
0 599 0.00109170305676856 -6.82001636467413
0 600 0.00109170305676856 -6.82001636467413
0 601 0.00109170305676856 -6.82001636467413
0 602 0.00109170305676856 -6.82001636467413
0 603 0.00109170305676856 -6.82001636467413
0 604 0.00109170305676856 -6.82001636467413
0 605 0.00109170305676856 -6.82001636467413
0 606 0.00109170305676856 -6.82001636467413
0 607 0.00109170305676856 -6.82001636467413
0 608 0.00109170305676856 -6.82001636467413
0 609 0.00109170305676856 -6.82001636467413
0 610 0.00109170305676856 -6.82001636467413
0 611 0.00109170305676856 -6.82001636467413
0 612 0.00109170305676856 -6.82001636467413
0 613 0.00109170305676856 -6.82001636467413
0 614 0.00109170305676856 -6.82001636467413
0 615 0.00109170305676856 -6.82001636467413
0 616 0.00109170305676856 -6.82001636467413
0 617 0.00109170305676856 -6.82001636467413
0 618 0.00109170305676856 -6.82001636467413
0 619 0.00109170305676856 -6.82001636467413
0 620 0.00109170305676856 -6.82001636467413
0 621 0.00109170305676856 -6.82001636467413
0 622 0.00109170305676856 -6.82001636467413
0 623 0.00109170305676856 -6.82001636467413
0 624 0.00109170305676856 -6.82001636467413
0 625 0.00109170305676856 -6.82001636467413
0 626 0.00109170305676856 -6.82001636467413
0 627 0.00109170305676856 -6.82001636467413
0 628 0.00109170305676856 -6.82001636467413
0 629 0.00109170305676856 -6.82001636467413
0 630 0.00109170305676856 -6.82001636467413
0 631 0.00109170305676856 -6.82001636467413
0 632 0.00109170305676856 -6.82001636467413
0 633 0.00109170305676856 -6.82001636467413
0 634 0.00109170305676856 -6.82001636467413
0 635 0.00109170305676856 -6.82001636467413
0 636 0.00109170305676856 -6.82001636467413
0 637 0.00109170305676856 -6.82001636467413
0 638 0.00109170305676856 -6.82001636467413
0 639 0.00109170305676856 -6.82001636467413
0 640 0.00109170305676856 -6.82001636467413
0 641 0.00109170305676856 -6.82001636467413
0 642 0.00109170305676856 -6.82001636467413
0 643 0.00109170305676856 -6.82001636467413
0 644 0.00109170305676856 -6.82001636467413
0 645 0.00109170305676856 -6.82001636467413
0 646 0.00109170305676856 -6.82001636467413
0 647 0.00109170305676856 -6.82001636467413
0 648 0.00109170305676856 -6.82001636467413
0 649 0.00109170305676856 -6.82001636467413
0 650 0.00109170305676856 -6.82001636467413
0 651 0.00109170305676856 -6.82001636467413
0 652 0.00109170305676856 -6.82001636467413
0 653 0.00109170305676856 -6.82001636467413
0 654 0.00109170305676856 -6.82001636467413
0 655 0.00109170305676856 -6.82001636467413
0 656 0.00109170305676856 -6.82001636467413
0 657 0.00109170305676856 -6.82001636467413
0 658 0.00109170305676856 -6.82001636467413
0 659 0.00109170305676856 -6.82001636467413
0 660 0.00109170305676856 -6.82001636467413
0 661 0.00109170305676856 -6.82001636467413
0 662 0.00109170305676856 -6.82001636467413
0 663 0.00109170305676856 -6.82001636467413
0 664 0.00109170305676856 -6.82001636467413
0 665 0.00109170305676856 -6.82001636467413
0 666 0.00109170305676856 -6.82001636467413
0 667 0.00109170305676856 -6.82001636467413
0 668 0.00109170305676856 -6.82001636467413
0 669 0.00109170305676856 -6.82001636467413
0 670 0.00109170305676856 -6.82001636467413
0 671 0.00109170305676856 -6.82001636467413
0 672 0.00109170305676856 -6.82001636467413
0 673 0.00109170305676856 -6.82001636467413
0 674 0.00109170305676856 -6.82001636467413
0 675 0.00109170305676856 -6.82001636467413
0 676 0.00109170305676856 -6.82001636467413
0 677 0.00109170305676856 -6.82001636467413
0 678 0.00109170305676856 -6.82001636467413
0 679 0.00109170305676856 -6.82001636467413
0 680 0.00109170305676856 -6.82001636467413
0 681 0.00109170305676856 -6.82001636467413
0 682 0.00109170305676856 -6.82001636467413
0 683 0.00109170305676856 -6.82001636467413
0 684 0.00109170305676856 -6.82001636467413
0 685 0.00109170305676856 -6.82001636467413
0 686 0.00109170305676856 -6.82001636467413
0 687 0.00109170305676856 -6.82001636467413
0 688 0.00109170305676856 -6.82001636467413
0 689 0.00109170305676856 -6.82001636467413
0 690 0.00109170305676856 -6.82001636467413
0 691 0.00109170305676856 -6.82001636467413
0 692 0.00109170305676856 -6.82001636467413
0 693 0.00109170305676856 -6.82001636467413
0 694 0.00109170305676856 -6.82001636467413
0 695 0.00109170305676856 -6.82001636467413
0 696 0.00109170305676856 -6.82001636467413
0 697 0.00109170305676856 -6.82001636467413
0 698 0.00109170305676856 -6.82001636467413
0 699 0.00109170305676856 -6.82001636467413
0 700 0.00109170305676856 -6.82001636467413
0 701 0.00109170305676856 -6.82001636467413
0 702 0.00109170305676856 -6.82001636467413
0 703 0.00109170305676856 -6.82001636467413
0 704 0.00109170305676856 -6.82001636467413
0 705 0.00109170305676856 -6.82001636467413
0 706 0.00109170305676856 -6.82001636467413
0 707 0.00109170305676856 -6.82001636467413
0 708 0.00109170305676856 -6.82001636467413
0 709 0.00109170305676856 -6.82001636467413
0 710 0.00109170305676856 -6.82001636467413
0 711 0.00109170305676856 -6.82001636467413
0 712 0.00109170305676856 -6.82001636467413
0 713 0.00109170305676856 -6.82001636467413
0 714 0.00109170305676856 -6.82001636467413
0 715 0.00109170305676856 -6.82001636467413
0 716 0.00109170305676856 -6.82001636467413
0 717 0.00109170305676856 -6.82001636467413
0 718 0.00109170305676856 -6.82001636467413
0 719 0.00109170305676856 -6.82001636467413
0 720 0.00109170305676856 -6.82001636467413
0 721 0.00109170305676856 -6.82001636467413
0 722 0.00109170305676856 -6.82001636467413
0 723 0.00109170305676856 -6.82001636467413
0 724 0.00109170305676856 -6.82001636467413
0 725 0.00109170305676856 -6.82001636467413
0 726 0.00109170305676856 -6.82001636467413
0 727 0.00109170305676856 -6.82001636467413
0 728 0.00109170305676856 -6.82001636467413
0 729 0.00109170305676856 -6.82001636467413
0 730 0.00109170305676856 -6.82001636467413
0 731 0.00109170305676856 -6.82001636467413
0 732 0.00109170305676856 -6.82001636467413
0 733 0.00109170305676856 -6.82001636467413
0 734 0.00109170305676856 -6.82001636467413
0 735 0.00109170305676856 -6.82001636467413
0 736 0.00109170305676856 -6.82001636467413
0 737 0.00109170305676856 -6.82001636467413
0 738 0.00109170305676856 -6.82001636467413
0 739 0.00109170305676856 -6.82001636467413
0 740 0.00109170305676856 -6.82001636467413
0 741 0.00109170305676856 -6.82001636467413
0 742 0.00109170305676856 -6.82001636467413
0 743 0.00109170305676856 -6.82001636467413
0 744 0.00109170305676856 -6.82001636467413
0 745 0.00109170305676856 -6.82001636467413
0 746 0.00109170305676856 -6.82001636467413
0 747 0.00109170305676856 -6.82001636467413
0 748 0.00109170305676856 -6.82001636467413
0 749 0.00109170305676856 -6.82001636467413
0 750 0.00109170305676856 -6.82001636467413
0 751 0.00109170305676856 -6.82001636467413
0 752 0.00109170305676856 -6.82001636467413
0 753 0.00109170305676856 -6.82001636467413
0 754 0.00109170305676856 -6.82001636467413
0 755 0.00109170305676856 -6.82001636467413
0 756 0.00109170305676856 -6.82001636467413
0 757 0.00109170305676856 -6.82001636467413
0 758 0.00109170305676856 -6.82001636467413
0 759 0.00109170305676856 -6.82001636467413
0 760 0.00109170305676856 -6.82001636467413
0 761 0.00109170305676856 -6.82001636467413
0 763 0.00109170305676856 -6.82001636467413
0 764 0.00109170305676856 -6.82001636467413
0 765 0.00109170305676856 -6.82001636467413
0 766 0.00109170305676856 -6.82001636467413
0 767 0.00109170305676856 -6.82001636467413
0 768 0.00109170305676856 -6.82001636467413
0 769 0.00109170305676856 -6.82001636467413
0 770 0.00109170305676856 -6.82001636467413
0 771 0.00109170305676856 -6.82001636467413
0 772 0.00109170305676856 -6.82001636467413
0 773 0.00109170305676856 -6.82001636467413
0 774 0.00109170305676856 -6.82001636467413
0 775 0.00109170305676856 -6.82001636467413
0 776 0.00109170305676856 -6.82001636467413
0 777 0.00109170305676856 -6.82001636467413
0 778 0.00109170305676856 -6.82001636467413
0 779 0.00109170305676856 -6.82001636467413
0 780 0.00109170305676856 -6.82001636467413
0 781 0.00109170305676856 -6.82001636467413
0 782 0.00109170305676856 -6.82001636467413
0 783 0.00109170305676856 -6.82001636467413
0 784 0.00109170305676856 -6.82001636467413
0 785 0.00109170305676856 -6.82001636467413
0 786 0.00109170305676856 -6.82001636467413
0 787 0.00109170305676856 -6.82001636467413
0 788 0.00109170305676856 -6.82001636467413
0 789 0.00109170305676856 -6.82001636467413
0 790 0.00109170305676856 -6.82001636467413
0 791 0.00109170305676856 -6.82001636467413
0 792 0.00109170305676856 -6.82001636467413
0 793 0.00109170305676856 -6.82001636467413
0 794 0.00109170305676856 -6.82001636467413
0 795 0.00109170305676856 -6.82001636467413
0 796 0.00109170305676856 -6.82001636467413
0 797 0.00109170305676856 -6.82001636467413
0 798 0.00109170305676856 -6.82001636467413
0 799 0.00109170305676856 -6.82001636467413
0 800 0.00109170305676856 -6.82001636467413
0 801 0.00109170305676856 -6.82001636467413
0 802 0.00109170305676856 -6.82001636467413
0 803 0.00109170305676856 -6.82001636467413
0 804 0.00109170305676856 -6.82001636467413
0 805 0.00109170305676856 -6.82001636467413
0 806 0.00109170305676856 -6.82001636467413
0 807 0.00109170305676856 -6.82001636467413
0 808 0.00109170305676856 -6.82001636467413
0 809 0.00109170305676856 -6.82001636467413
0 810 0.00109170305676856 -6.82001636467413
0 811 0.00109170305676856 -6.82001636467413
0 812 0.00109170305676856 -6.82001636467413
0 813 0.00109170305676856 -6.82001636467413
0 814 0.00109170305676856 -6.82001636467413
0 815 0.00109170305676856 -6.82001636467413
0 816 0.00109170305676856 -6.82001636467413
0 817 0.00109170305676856 -6.82001636467413
0 818 0.00109170305676856 -6.82001636467413
0 819 0.00109170305676856 -6.82001636467413
0 820 0.00109170305676856 -6.82001636467413
0 821 0.00109170305676856 -6.82001636467413
0 822 0.00109170305676856 -6.82001636467413
0 823 0.00109170305676856 -6.82001636467413
0 824 0.00109170305676856 -6.82001636467413
0 825 0.00109170305676856 -6.82001636467413
0 826 0.00109170305676856 -6.82001636467413
0 827 0.00109170305676856 -6.82001636467413
0 828 0.00109170305676856 -6.82001636467413
0 829 0.00109170305676856 -6.82001636467413
0 830 0.00109170305676856 -6.82001636467413
0 831 0.00109170305676856 -6.82001636467413
0 832 0.00109170305676856 -6.82001636467413
0 833 0.00109170305676856 -6.82001636467413
0 834 0.00109170305676856 -6.82001636467413
0 835 0.00109170305676856 -6.82001636467413
0 836 0.00109170305676856 -6.82001636467413
0 837 0.00109170305676856 -6.82001636467413
0 838 0.00109170305676856 -6.82001636467413
0 839 0.00109170305676856 -6.82001636467413
0 840 0.00109170305676856 -6.82001636467413
0 841 0.00109170305676856 -6.82001636467413
0 842 0.00109170305676856 -6.82001636467413
0 843 0.00109170305676856 -6.82001636467413
0 844 0.00109170305676856 -6.82001636467413
0 845 0.00109170305676856 -6.82001636467413
0 846 0.00109170305676856 -6.82001636467413
0 847 0.00109170305676856 -6.82001636467413
0 848 0.00109170305676856 -6.82001636467413
0 849 0.00109170305676856 -6.82001636467413
0 850 0.00109170305676856 -6.82001636467413
0 851 0.00109170305676856 -6.82001636467413
0 852 0.00109170305676856 -6.82001636467413
0 853 0.00109170305676856 -6.82001636467413
0 854 0.00109170305676856 -6.82001636467413
0 855 0.00109170305676856 -6.82001636467413
0 856 0.00109170305676856 -6.82001636467413
0 857 0.00109170305676856 -6.82001636467413
0 858 0.00109170305676856 -6.82001636467413
0 859 0.00109170305676856 -6.82001636467413
0 860 0.00109170305676856 -6.82001636467413
0 861 0.00109170305676856 -6.82001636467413
0 862 0.00109170305676856 -6.82001636467413
0 863 0.00109170305676856 -6.82001636467413
0 864 0.00109170305676856 -6.82001636467413
0 865 0.00109170305676856 -6.82001636467413
0 866 0.00109170305676856 -6.82001636467413
0 867 0.00109170305676856 -6.82001636467413
0 868 0.00109170305676856 -6.82001636467413
0 869 0.00109170305676856 -6.82001636467413
0 870 0.00109170305676856 -6.82001636467413
0 871 0.00109170305676856 -6.82001636467413
0 872 0.00109170305676856 -6.82001636467413
0 873 0.00109170305676856 -6.82001636467413
0 874 0.00109170305676856 -6.82001636467413
0 875 0.00109170305676856 -6.82001636467413
0 876 0.00109170305676856 -6.82001636467413
0 877 0.00109170305676856 -6.82001636467413
0 878 0.00109170305676856 -6.82001636467413
0 879 0.00109170305676856 -6.82001636467413
0 880 0.00109170305676856 -6.82001636467413
0 881 0.00109170305676856 -6.82001636467413
0 882 0.00109170305676856 -6.82001636467413
0 883 0.00109170305676856 -6.82001636467413
0 884 0.00109170305676856 -6.82001636467413
0 885 0.00109170305676856 -6.82001636467413
0 886 0.00109170305676856 -6.82001636467413
0 887 0.00109170305676856 -6.82001636467413
0 888 0.00109170305676856 -6.82001636467413
0 889 0.00109170305676856 -6.82001636467413
0 890 0.00109170305676856 -6.82001636467413
0 891 0.00109170305676856 -6.82001636467413
0 892 0.00109170305676856 -6.82001636467413
0 893 0.00109170305676856 -6.82001636467413
0 894 0.00109170305676856 -6.82001636467413
0 895 0.00109170305676856 -6.82001636467413
0 896 0.00109170305676856 -6.82001636467413
0 897 0.00109170305676856 -6.82001636467413
0 898 0.00109170305676856 -6.82001636467413
0 899 0.00109170305676856 -6.82001636467413
0 900 0.00109170305676856 -6.82001636467413
0 901 0.00109170305676856 -6.82001636467413
0 902 0.00109170305676856 -6.82001636467413
0 903 0.00109170305676856 -6.82001636467413
0 904 0.00109170305676856 -6.82001636467413
0 905 0.00109170305676856 -6.82001636467413
0 906 0.00109170305676856 -6.82001636467413
0 907 0.00109170305676856 -6.82001636467413
0 908 0.00109170305676856 -6.82001636467413
0 909 0.00109170305676856 -6.82001636467413
0 910 0.00109170305676856 -6.82001636467413
0 911 0.00109170305676856 -6.82001636467413
0 912 0.00109170305676856 -6.82001636467413
0 913 0.00109170305676856 -6.82001636467413
0 914 0.00109170305676856 -6.82001636467413
0 915 0.00109170305676856 -6.82001636467413
0 916 0.00109170305676856 -6.82001636467413
1 233 0.3 -1.2039728
1 234 0.1 -2.3025851
1 435 0.3 -1.2039728
1 219 0.3 -1.2039728
2 427 0.05 -2.3025851
2 453 0.1 -2.3025851
2 435 0.2 -1.6094379
2 441 0.2 -1.6094379
2 471 0.2 -1.6094379
2 209 0.2 -1.6094379
2 409 0.05 -2.3025851
3 0 0.00109170305676856 -6.82001636467413
4 239 1 0
5 1 0.3 -1.2039728
5 2 0.7 -0.35667494
6 361 0.071428571 -2.6390573
6 334 0.071428571 -2.6390573
6 459 0.071428571 -2.6390573
6 74 0.071428571 -2.6390573
6 455 0.071428571 -2.6390573
6 366 0.071428571 -2.6390573
6 451 0.071428571 -2.6390573
6 30 0.071428571 -2.6390573
6 762 0.071428571 -2.6390573
6 551 0.071428571 -2.6390573
6 264 0.071428571 -2.6390573
6 520 0.071428571 -2.6390573
6 1 0.071428571 -2.6390573
6 2 0.071428571 -2.6390573
7 4 1 0
8 494 0.8 -0.22314355
8 495 0.1 -2.3025851
8 521 0.1 -2.3025851
9  1 0.2 -1.6094379 
9  2 0.2 -1.6094379
9  3 0.2 -1.6094379
9  4 0.2 -1.6094379
9  5 0.1 -2.3025851
9  6 0.1 -2.3025851
10 494 0.8 -0.22314355
10 495 0.1 -2.3025851
10 521 0.1 -2.3025851
11  1 0.2 -1.6094379 
11  2 0.2 -1.6094379
11  3 0.2 -1.6094379
11  4 0.2 -1.6094379
11  5 0.1 -2.3025851
11  6 0.1 -2.3025851
12 0 0.00109170305676856 -6.82001636467413
13 239 1 0
14 1 0.3 -1.2039728
14 2 0.7 -0.35667494
15 361 0.071428571 -2.6390573
15 334 0.071428571 -2.6390573
15 459 0.071428571 -2.6390573
15 74 0.071428571 -2.6390573
15 455 0.071428571 -2.6390573
15 366 0.071428571 -2.6390573
15 451 0.071428571 -2.6390573
15 30 0.071428571 -2.6390573
15 762 0.071428571 -2.6390573
15 551 0.071428571 -2.6390573
15 264 0.071428571 -2.6390573
15 520 0.071428571 -2.6390573
15 1 0.071428571 -2.6390573
15 2 0.071428571 -2.6390573
16 4 1 0
18 7 1 0 
19 638 0.1 -2.30258509299405
19 639 0.1 -2.30258509299405 
19 641 0.1 -2.30258509299405
19 642 0.1 -2.30258509299405
19 643 0.1 -2.30258509299405
19 917 0.1 -2.30258509299405
19 918 0.1 -2.30258509299405
19 919 0.1 -2.30258509299405
19 920 0.1 -2.30258509299405
19 921 0.1 -2.30258509299405
20 506 0.5 -0.69314718
20 827 0.5 -0.69314718
21 357 0.5 -0.6931471
21 921 0.5 -0.6931471
22 884 1 0
23 494 0.8 -0.22314355
23 495 0.1 -2.3025851
23 521 0.1 -2.3025851
24  1 0.2 -1.6094379
24  2 0.2 -1.6094379
24  3 0.2 -1.6094379
24  4 0.2 -1.6094379
24  5 0.1 -2.3025851
24  6 0.1 -2.3025851
25 239 1 0
26 1 0.3 -1.2039728
26 2 0.7 -0.35667494
27 361 0.071428571 -2.6390573
27 334 0.071428571 -2.6390573
27 459 0.071428571 -2.6390573
27 74 0.071428571 -2.6390573
27 455 0.071428571 -2.6390573
27 366 0.071428571 -2.6390573
27 451 0.071428571 -2.6390573
27 30 0.071428571 -2.6390573
27 762 0.071428571 -2.6390573
27 551 0.071428571 -2.6390573
27 264 0.071428571 -2.6390573
27 520 0.071428571 -2.6390573
27 1 0.071428571 -2.6390573
27 2 0.071428571 -2.6390573
28 4 0.5 -0.693147180559945
28 925 0.5 -0.693147180559945
29 239 1 0
30 1 0.3 -1.2039728
30 2 0.7 -0.35667494
31 361 0.071428571 -2.6390573
31 334 0.071428571 -2.6390573
31 459 0.071428571 -2.6390573
31 74 0.071428571 -2.6390573
31 455 0.071428571 -2.6390573
31 366 0.071428571 -2.6390573
31 451 0.071428571 -2.6390573
31 30 0.071428571 -2.6390573
31 762 0.071428571 -2.6390573
31 551 0.071428571 -2.6390573
31 264 0.071428571 -2.6390573
31 520 0.071428571 -2.6390573
31 1 0.071428571 -2.6390573
31 2 0.071428571 -2.6390573
32 4 0.5 -0.693147180559945
32 925 0.5 -0.693147180559945
33 494 0.8 -0.22314355
33 495 0.1 -2.3025851
33 521 0.1 -2.3025851
34  1 0.1 -2.3025851
34  2 0.1 -2.3025851
34  3 0.1 -2.3025851
34  4 0.1 -2.3025851
34  5 0.05 -2.99573227355399
34  6 0.05 -2.99573227355399
34  922 0.1 -2.3025851
34  923 0.1 -2.3025851
34  924 0.1 -2.3025851
34  925 0.1 -2.3025851
34  926 0.05 -2.99573227355399
34  927 0.05 -2.99573227355399
35 7 1 0 
38 7 1 0 
39 638 0.1 -2.30258509299405
39 639 0.1 -2.30258509299405
39 641 0.1 -2.30258509299405
39 642 0.1 -2.30258509299405
39 643 0.1 -2.30258509299405
39 917 0.1 -2.30258509299405
39 918 0.1 -2.30258509299405
39 919 0.1 -2.30258509299405
39 920 0.1 -2.30258509299405
39 921 0.1 -2.30258509299405
40 506 1 0
41 357 0.5 -0.6931471
41 921 0.5 -0.6931471
42 884 1 0
43 494 0.8 -0.22314355
43 495 0.1 -2.3025851
43 521 0.1 -2.3025851
44  1 0.2 -1.6094379
44  2 0.2 -1.6094379
44  3 0.2 -1.6094379
44  4 0.2 -1.6094379
44  5 0.1 -2.3025851
44  6 0.1 -2.3025851
45 239 1 0
46 1 0.3 -1.2039728
46 2 0.7 -0.35667494
47 361 0.071428571 -2.6390573
47 334 0.071428571 -2.6390573
47 459 0.071428571 -2.6390573
47 74 0.071428571 -2.6390573
47 455 0.071428571 -2.6390573
47 366 0.071428571 -2.6390573
47 451 0.071428571 -2.6390573
47 30 0.071428571 -2.6390573
47 762 0.071428571 -2.6390573
47 551 0.071428571 -2.6390573
47 264 0.071428571 -2.6390573
47 520 0.071428571 -2.6390573
47 1 0.071428571 -2.6390573
47 2 0.071428571 -2.6390573
48 4 0.5 -0.693147180559945
48 925 0.5 -0.693147180559945
49 239 1 0
50 1 0.3 -1.2039728
50 2 0.7 -0.35667494
51 361 0.071428571 -2.6390573
51 334 0.071428571 -2.6390573
51 459 0.071428571 -2.6390573
51 74 0.071428571 -2.6390573
51 455 0.071428571 -2.6390573
51 366 0.071428571 -2.6390573
51 451 0.071428571 -2.6390573
51 30 0.071428571 -2.6390573
51 762 0.071428571 -2.6390573
51 551 0.071428571 -2.6390573
51 264 0.071428571 -2.6390573
51 520 0.071428571 -2.6390573
51 1 0.071428571 -2.6390573
51 2 0.071428571 -2.6390573
52 4 0.5 -0.693147180559945
52 925 0.5 -0.693147180559945
53 494 0.8 -0.22314355
53 495 0.1 -2.3025851
53 521 0.1 -2.3025851
54  1 0.1 -2.3025851
54  2 0.1 -2.3025851
54  3 0.1 -2.3025851
54  4 0.1 -2.3025851
54  5 0.05 -2.99573227355399
54  6 0.05 -2.99573227355399
54  922 0.1 -2.3025851
54  923 0.1 -2.3025851
54  924 0.1 -2.3025851
54  925 0.1 -2.3025851
54  926 0.05 -2.99573227355399
54  927 0.05 -2.99573227355399
55 7 1 0 
36 0 0.00109170305676856 -6.82001636467413
37 0 0.00109170305676856 -6.82001636467413
17 427 0.2 -1.6094379124341
17 381 0.5 -0.693147180559945
17 428 0.3 -1.2039728
56 126 0.1 -2.3025851
56 928 0.1 -2.3025851
56 929 0.1 -2.3025851
56 930 0.1 -2.3025851
56 474 0.2 -1.6094379124341
56 606 0.2 -1.6094379124341
56 121 0.2 -1.6094379124341
57 0 0.00109170305676856 -6.82001636467413
58 910 0.25 -1.38629436111989
58 911 0.25 -1.38629436111989
58 912 0.25 -1.38629436111989
58 913 0.25 -1.38629436111989
59 427 0.2 -1.6094379124341
59 381 0.2 -1.6094379124341
59 428 0.2 -1.6094379124341
59 446 0.1 -2.3025851
59 433 0.1 -2.3025851
59 371 0.2 -1.6094379124341

0 0 0.4 -0.91629073
1 0 0.6 -0.51082562

1 1
57
