0 0 0.01 -4.60517018598809
0 1 0.33 -1.10866262452161
0 2 0.33 -1.10866262452161
0 4 0.33 -1.10866262452161
-1 -1 1 0
26 -1 1 0
9 26 0.13 -2.04022082852655
9 -1 0.006986 -4.9638471325975
11 26 0.33 -1.10866262452161
11 -1 0.003333 -5.70388247965653
11 22 0.666667 -0.405465
4 12 0.308411 -1.17632
5 12 0.571429 -0.559616
13 19 0.368421 -0.998529
21 26 0.29 -1.23787435600162
21 -1 0.006296 -5.06784076786704
13 18 0.210526 -1.55814
1 4 0.533981 -0.627396
4 7 0.214953 -1.53733
17 19 0.5 -0.693147
2 4 0.658363 -0.417999
14 16 0.270833 -1.30625
22 24 0.537037 -0.621688
4 6 0.0841122 -2.4756
5 7 0.214286 -1.54045
1 2 0.466019 -0.763528
2 3 0.341637 -1.07401
3 4 1 0
12 13 1 0
13 14 0.421053 -0.864997
14 15 0.729167 -0.315853
15 16 1 0
16 17 1 0
19 20 1 0
20 21 1 0
21 22 0.703704 -0.351398
22 23 0.462963 -0.770108
23 24 1 0
24 25 1 0
25 26 0.9 -0.105360515657826
25 -1 0.1 -2.30258509299405
17 18 0.5 -0.693147
18 19 1 0
6 7 1 0
7 8 1 0
8 9 1 0
9 10 0.863014 -0.147325
10 11 1 0
4 5 0.392523 -0.935159
5 6 0.214286 -1.54045

0 0 0.00001 -11.5129254649702
-1 0 0.00001 -11.5129254649702
5 884 0.333333 -1.09861
9 4 0.91 -0.0943106
7 2 0.65 -0.430783
11 6 0.0674603 -2.69622
7 1 0.35 -1.04982
11 5 0.0674603 -2.69622
8 2 0.06 -2.81341
13 6 0.0855263 -2.45893
11 4 0.174603 -1.74524
8 1 0.06 -2.81341
13 5 0.0855263 -2.45893
11 3 0.174603 -1.74524
13 4 0.188596 -1.66815
11 2 0.174603 -1.74524
10 495 0.0714286 -2.63906
13 3 0.188596 -1.66815
10 494 0.857143 -0.154151
11 1 0.301587 -1.1987
13 2 0.223684 -1.49752
12 495 0.0855263 -2.45893
17 6 0.0833333 -2.48491
12 494 0.828947 -0.187599
13 1 0.22807 -1.4781
17 5 0.0833333 -2.48491
17 4 0.166667 -1.79176
17 3 0.166667 -1.79176
17 2 0.25 -1.38629
16 495 0.0833333 -2.48491
16 494 0.833333 -0.182322
17 1 0.25 -1.38629
21 4 0.921053 -0.0822381
19 2 0.666667 -0.405465
19 1 0.333333 -1.09861
20 2 0.0526316 -2.94444
26 7 1 0
25 6 0.0962963 -2.34033
20 1 0.0526316 -2.94444
25 5 0.0962963 -2.34033
25 4 0.192593 -1.64718
25 3 0.192593 -1.64718
25 2 0.192593 -1.64718
24 495 0.1 -2.30259
24 494 0.8 -0.223144
25 1 0.192593 -1.64718
9 1249 0.09 -2.40795
11 1251 0.00396825 -5.52943
11 1250 0.00396825 -5.52943
11 1249 0.00793651 -4.83628
11 1248 0.00793651 -4.83628
11 1247 0.00793651 -4.83628
5 1240 0.333333 -1.09861
11 1246 0.00793651 -4.83628
4 1238 0.122664 -2.09831
5 1239 0.333333 -1.09861
4 1237 0.127336 -2.06092
4 1236 0.122664 -2.09831
4 1235 0.127336 -2.06092
15 1245 0.2 -1.60944
4 1234 0.122664 -2.09831
2 1232 0.0818505 -2.50286
4 1233 0.127336 -2.06092
15 1244 0.2 -1.60944
2 1231 0.0818505 -2.50286
14 1242 0.145833 -1.92529
21 1249 0.0789474 -2.53897
14 1241 0.145833 -1.92529
25 1251 0.0037037 -5.59842
25 1250 0.0037037 -5.59842
8 74 0.0775 -2.55748
25 1249 0.00740741 -4.90527
8 459 0.0775 -2.55748
25 1248 0.00740741 -4.90527
23 1245 0.2 -1.60944
25 1247 0.00740741 -4.90527
23 1244 0.2 -1.60944
8 264 0.065 -2.73337
25 1246 0.00740741 -4.90527
2 643 0.0854093 -2.4603
22 1242 0.196296 -1.62813
22 1241 0.196296 -1.62813
2 642 0.0854093 -2.4603
8 455 0.0775 -2.55748
2 641 0.0854093 -2.4603
2 639 0.0854093 -2.4603
2 638 0.0854093 -2.4603
8 451 0.0775 -2.55748
20 74 0.0745614 -2.59613
20 459 0.0745614 -2.59613
3 827 0.25 -1.38629
20 264 0.0745614 -2.59613
20 455 0.0745614 -2.59613
14 831 0.145833 -1.92529
3 820 0.25 -1.38629
20 451 0.0745614 -2.59613
6 239 1 0
22 831 0.2 -1.60944
18 239 1 0
8 30 0.0775 -2.55748
20 30 0.0745614 -2.59613
1 7 1 0
2 8 0.0818505 -2.50286
3 388 0.25 -1.38629
8 762 0.065 -2.73337
8 366 0.0775 -2.55748
20 762 0.0745614 -2.59613
4 357 0.127336 -2.06092
8 361 0.0775 -2.55748
8 551 0.065 -2.73337
20 366 0.0745614 -2.59613
20 361 0.0745614 -2.59613
15 934 0.2 -1.60944
14 932 0.145833 -1.92529
15 933 0.2 -1.60944
2 920 0.0818505 -2.50286
4 921 0.122664 -2.09831
14 931 0.270833 -1.30625
2 919 0.0818505 -2.50286
20 551 0.0745614 -2.59613
2 918 0.0818505 -2.50286
2 917 0.0818505 -2.50286
23 934 0.2 -1.60944
22 932 0.2 -1.60944
23 933 0.2 -1.60944
14 731 0.145833 -1.92529
22 931 0.103704 -2.26622
8 334 0.0775 -2.55748
22 731 0.103704 -2.26622
8 520 0.065 -2.73337
15 526 0.2 -1.60944
10 521 0.0714286 -2.63906
12 521 0.0855263 -2.45893
20 334 0.0745614 -2.59613
16 521 0.0833333 -2.48491
3 506 0.25 -1.38629
23 526 0.2 -1.60944
20 520 0.0745614 -2.59613
24 521 0.1 -2.30259

1 0 0.1 -2.30259
2 0 0.327247 -1.11704
4 0 0.52809 -0.638489
0 0 0.044663 -3.10860986062111

1 6
9 11 21 25 26 -1
