HEADER
INTESTAZIONE
-1 29 0 
0 29 0
1 22 0
2 22 0
3 22 0
4 13 0
5 13 0
6 13 0
7 14 0
8 14 0
9 15 0
10 15 0
11 14 0
12 14 0
13 14 0
14 14 0
15 14 0
16 14 0
17 14 0
18 14 0
19 15 0
20 15 0

PUBBLICAZIONE
0 29 0
-1 29 0
1 21 0
2 21 0
3 21 0
4 21 0
5 21 0
6 21 0
7 21 0
8 21 0
9 21 0
10 21 0
11 21 0
12 21 0
13 21 0
14 21 0
15 21 0
16 21 0
17 21 0
18 21 0
19 21 0
20 21 0
21 21 0
22 21 0
23 21 0
24 21 0
25 21 0
26 21 0

FORMULAINIZIALE
0 29 0
-1 29 -1
1 17 -1
2 17 -1
3 17 -1
4 30 0 
5 30 0
6 17 -1 
7 17 -1

FOOTER
FORMULAFINALE
-1 29 0
0 29 0 
1 18 1
2 18 0
3 18 0
4 18 0
5 18 0
6 18 0
7 18 0
8 18 0
9 18 0
10 18 0
11 18 0
12 18 0
13 18 0
14 18 0
15 18 0
16 18 0
17 18 0
18 18 0
19 18 0
20 18 0
21 18 0
22 18 0
23 18 0
24 18 0 
25 18 0
26 18 0
27 18 0
28 18 0
29 18 0
30 18 0
31 18 0 
32 18 0
33 18 0
34 18 0
35 18 0

DATAELUOGO
-1 29 0
0 29 0
1 19 0
2 19 0 
3 19 0
4 19 0
5 19 0
6 19 0
7 19 0

SOTTOSCRIZIONI
-1 29 0
0 29 0
1 27 1
2 27 1
3 27 0
4 27 0
5 27 0
7 27 1
8 27 0
9 27 0
10 27 0
11 27 0
12 28 1
13 28 0
14 28 0
15 28 0
6 29 0

ANNESSI
0 29 0
1 31 0
2 31 0
3 32 0
4 32 0
5 33 0
6 33 0
7 33 0
8 25 0
9 25 0
