0 0 0.5 -0.69314718
0 1 0.5 -0.69314718
35 -1 1 0
-1 -1 1 0
31 32 0.5 -0.69314718
31 -1 0.5 -0.69314718 
3 3 0.0714286 -2.63906
1 2 1 0
2 3 1 0
3 4 0.928571 -0.074108
4 5 1 0
5 6 1 0
6 7 1 0
7 8 1 0
8 9 1 0
9 10 1 0
10 11 1 0
11 12 1 0
12 13 1 0
13 14 1 0
14 15 1 0
15 16 1 0
16 17 1 0
17 18 1 0
18 19 1 0
19 20 1 0
20 21 1 0
21 22 1 0
22 23 1 0
23 24 1 0
24 25 1 0
25 26 1 0
26 27 1 0
27 28 1 0
28 29 1 0
29 30 1 0
30 31 1 0
32 33 1 0
33 34 1 0
34 35 1 0

9 9 0.0769231 -2.56495
17 124 1 0
14 120 1 0
26 131 1 0
29 131 1 0
3 104 0.0714286 -2.63906
20 9 0.0769231 -2.56495
23 10 1 0
34 126 1 0
27 291 0.769231 -0.262364
27 290 0.230769 -1.46634
31 289 1 0
22 279 1 0
4 256 0.769231 -0.262364
11 262 1 0
4 255 0.230769 -1.46634
16 265 1 0
24 77 1 0
32 84 1 0
13 433 1 0
15 49 1 0
3 226 0.214286 -1.54045
1 221 0.230769 -1.46634
8 405 1 0
19 218 1 0
10 207 0.769231 -0.262364
10 206 0.230769 -1.46634
1 194 0.769231 -0.262364
33 226 1 0
6 391 1 0
25 399 1 0
35 405 1 0
9 373 0.615385 -0.485508
9 372 0.307692 -1.17865
18 356 1 0
21 166 1 0
12 344 1 0
30 165 0.769231 -0.262364
30 164 0.230769 -1.46634
2 321 1 0
5 131 0.0769231 -2.56495
20 140 0.923077 -0.0800427
7 126 1 0
5 122 0.923077 -0.0800427
3 119 0.714286 -0.336472
28 140 1 0
0 0 0.00223713646532438 -6.10255859461357 
-1 0 0.00223713646532438 -6.10255859461357 

1 0 0.5 -0.69314718 
0 0 0.5 -0.69314718 

1 3
31 35 -1 
