0 0 0.2 -1.6094379 
0 1 0.4 -0.91629073
0 3 0.4 -0.91629073
3 5 0.628571 -0.464306
1 2 1 0
2 3 1 0
3 4 0.371429 -0.990399
4 5 1 0
5 6 1 0
6 7 1 0
7 -1 1 0
-1 -1 1 0

5 2 0.8 -0.223144
7 4 1 0
5 1 0.2 -1.60944
6 292 0.114286 -2.16905
6 274 0.0285714 -3.55535
4 448 0.0769231 -2.56495
6 242 0.0571429 -2.8622
6 237 0.0857143 -2.45674
6 235 0.0571429 -2.8622
6 38 0.2 -1.60944
6 17 0.0285714 -3.55535
4 14 0.846154 -0.167054
2 10 1 0
4 9 0.0769231 -2.56495
6 388 0.0285714 -3.55535
6 187 0.114286 -2.16905
6 185 0.0857143 -2.45674
3 367 1 0
6 167 0.0857143 -2.45674
6 132 0.114286 -2.16905
1 116 0.923077 -0.0800427
1 115 0.0769231 -2.56495
0 0 0.00223713646532438 -6.10255859461357 
-1 0 0.00223713646532438 -6.10255859461357

1 0 0.352941 -1.04145
3 0 0.547059 -0.60222845
0 0 0.1 -2.3025851

1 2
7 -1
