0 1 0.47 -0.755022584278033
0 4 0.47 -0.755022584278033
0 0 0.06 -2.81341071676004
-1 -1 1 0
7 -1 1 0
5 5 0.8 -0.223144
7 7 1 0
3 3 0.787129 -0.239364
2 6 0.227848 -1.47908
3 6 0.123762 -2.08939
2 4 0.227848 -1.47908
1 2 1 0
4 5 1 0
5 6 0.2 -1.60944
6 7 0.9 -0.105360515657826
6 -1 0.1 -2.30258509299405
2 3 0.544304 -0.608248
3 4 0.0891089 -2.4179

0 0 0.00001 -11.5129254649702
-1 0 0.00001 -11.5129254649702
3 0 0.995049 -0.00496282
5 0 1 0
7 683 0.0972763 -2.3302
6 1257 0.103093 -2.27213
7 1258 0.0972763 -2.3302
2 1252 0.101266 -2.29001
6 1256 0.103093 -2.27213
6 1255 0.103093 -2.27213
6 1254 0.103093 -2.27213
6 1253 0.103093 -2.27213
2 474 0.101266 -2.29001
2 473 0.101266 -2.29001
7 441 0.0972763 -2.3302
1 433 0.151899 -1.88454
7 435 0.0972763 -2.3302
6 627 0.175258 -1.7415
1 428 0.202532 -1.59686
1 427 0.35443 -1.03724
7 428 0.22179 -1.50602
7 233 0.0972763 -2.3302
6 231 0.103093 -2.27213
6 230 0.103093 -2.27213
2 606 0.0506329 -2.98315
6 21 0.103093 -2.27213
7 209 0.0972763 -2.3302
1 381 0.291139 -1.23395
2 188 0.0886076 -2.42354
7 381 0.0972763 -2.3302
3 942 0.00495049 -5.30827
7 747 0.0972763 -2.3302
2 930 0.101266 -2.29001
2 929 0.101266 -2.29001
2 928 0.101266 -2.29001
4 913 0.222222 -1.50408
4 912 0.222222 -1.50408
4 911 0.277778 -1.28093
4 910 0.277778 -1.28093
2 126 0.101266 -2.29001
2 122 0.101266 -2.29001
2 121 0.0506329 -2.98315

1 0 0.8 -0.223144
4 0 0.15 -1.89711998488588
0 0 0.05 -2.99573227355399

1 3
6 7 -1
