0 0 0.1 -2.302585093
0 1 0.6 -0.510825623
0 22 0.3 -1.203972804
-1 -1 1 0
15 -1 0.008261 -4.796209633
15 15 0.391304 -0.93827
15 16 0.47 -0.755022584
15 18 0.130435 -2.03688
17 -1 0.1 -2.302585093
17 17 0.9 -0.105360515
20 -1 1 0
11 11 0.8 -0.223144
21 21 0.125 -2.07944
21 6 0.4375 -0.826679
21 4 0.4375 -0.826679
28 1 1 0
3 21 0.5 -0.693147
5 21 0.5 -0.693147
22 23 1 0
23 24 1 0
24 25 1 0
25 26 1 0
26 27 1 0
27 28 1 0
1 2 1 0
2 3 1 0
3 4 0.5 -0.693147
4 5 1 0
5 6 0.5 -0.693147
6 7 1 0
7 8 1 0
8 9 1 0
9 10 1 0
10 11 1 0
11 12 0.2 -1.60944
12 13 1 0
13 14 1 0
14 15 1 0
16 17 1 0
18 19 1 0
19 20 1 0

0 0 0.00001 -11.5129254649702 
-1 0 0.00001 -11.5129254649702 
4 0 1 0
14 1276 0.214286 -1.54045
8 1270 0.142857 -1.94591
10 1271 0.142857 -1.94591
6 494 0.928571 -0.074108
7 0 1 0
14 4 0.642857 -0.441833
12 2 0.428571 -0.847298
16 1272 0.222222 -1.50408
5 1260 1 0
11 0 1 0
12 1 0.571429 -0.559616
13 2 0.0714286 -2.63906
14 2 0.142857 -1.94591
13 1 0.0714286 -2.63906
8 1259 0.857143 -0.154151
15 0 1 0
17 0 1 0
16 1261 0.777778 -0.251314
21 0 1 0
23 0 1 0
25 0 1 0
18 1259 1 0
27 0 1 0
22 1260 1 0
28 0 1 0
24 1259 1 0
9 263 1 0
13 74 0.0714286 -2.63906
13 459 0.0714286 -2.63906
13 264 0.0714286 -2.63906
13 455 0.0714286 -2.63906
13 451 0.0714286 -2.63906
19 263 1 0
2 245 1 0
10 435 0.857143 -0.154151
20 435 1 0
26 435 1 0
13 30 0.0714286 -2.63906
1 752 1 0
13 762 0.0714286 -2.63906
13 366 0.0714286 -2.63906
13 361 0.0714286 -2.63906
13 551 0.0714286 -2.63906
6 521 0.0714286 -2.63906
13 334 0.0714286 -2.63906
13 520 0.0714286 -2.63906
3 691 1 0

0 0 0.014286 -4.248475242
1 0 0.7 -0.356674943
22 0 0.285714 -1.25276

1 4
15 17 20 -1 