0 0 0.5 -0.69314718
0 1 0.5 -0.69314718
-1 -1 1 0
31 32 0.5 -0.69314718
31 -1 0.5 -0.69314718 
35 -1 0.9 -0.10536051
35 36 0.1 -2.30258509
36 -1 0.9 -0.10536051
36 36 0.1 -2.30258509
3 3 0.025641 -3.66356
36 36 1 0
11 20 0.657895 -0.41871
0 2 1 0
1 2 1 0
2 3 1 0
3 4 0.974359 -0.0259755
4 5 1 0
5 6 1 0
6 7 1 0
7 8 1 0
8 9 1 0
9 10 1 0
10 11 1 0
11 12 0.342105 -1.07264
12 13 1 0
13 14 1 0
14 15 1 0
15 16 1 0
16 17 1 0
17 18 1 0
18 19 1 0
19 20 1 0
20 21 1 0
21 22 1 0
22 23 1 0
23 24 1 0
24 25 1 0
25 26 1 0
26 27 1 0
27 28 1 0
28 29 1 0
29 30 1 0
30 31 1 0
32 33 1 0
33 34 1 0
34 35 1 0

0 0 0.00223713646532438 -6.10255859461357 
-1 0 0.00223713646532438 -6.10255859461357 
9 9 0.0263158 -3.63759
17 124 1 0
36 722 0.03125 -3.46574
14 120 1 0
26 131 1 0
36 526 0.03125 -3.46574
36 911 0.03125 -3.46574
29 131 1 0
36 910 0.03125 -3.46574
3 104 0.025641 -3.66356
36 523 0.03125 -3.46574
36 715 0.03125 -3.46574
20 9 0.368421 -0.998529
36 904 0.03125 -3.46574
23 10 1 0
36 793 0.03125 -3.46574
36 710 0.03125 -3.46574
34 126 0.107143 -2.23359
34 124 0.892857 -0.113329
36 511 0.03125 -3.46574
36 110 0.03125 -3.46574
27 291 0.263158 -1.335
27 290 0.736842 -0.305382
31 289 1 0
22 279 1 0
7 261 0.657895 -0.41871
4 256 0.263158 -1.335
11 262 0.342105 -1.07264
4 255 0.0789474 -2.53897
36 479 0.03125 -3.46574
36 865 0.03125 -3.46574
16 265 1 0
4 830 0.657895 -0.41871
24 77 1 0
32 84 1 0
36 471 0.03125 -3.46574
11 831 0.657895 -0.41871
36 659 0.03125 -3.46574
36 852 0.03125 -3.46574
9 433 0.657895 -0.41871
36 846 0.03125 -3.46574
13 433 1 0
15 49 1 0
3 226 0.717949 -0.331357
36 452 0.03125 -3.46574
36 645 0.03125 -3.46574
36 644 0.03125 -3.46574
36 643 0.03125 -3.46574
0 221 1 0
1 221 0.72973 -0.315081
36 449 0.03125 -3.46574
35 831 0.892857 -0.113329
36 821 0.03125 -3.46574
8 405 0.342105 -1.07264
8 981 0.657895 -0.41871
19 218 1 0
10 207 0.263158 -1.335
5 9 0.105263 -2.25129
10 206 0.0789474 -2.53897
1 194 0.27027 -1.30833
33 226 1 0
6 391 0.342105 -1.07264
36 607 0.03125 -3.46574
36 606 0.03125 -3.46574
25 399 1 0
35 405 0.107143 -2.23359
5 373 0.210526 -1.55814
5 372 0.342105 -1.07264
36 982 0.03125 -3.46574
9 373 0.210526 -1.55814
9 372 0.105263 -2.25129
18 356 1 0
21 166 1 0
12 344 1 0
6 336 0.657895 -0.41871
30 165 0.263158 -1.335
30 164 0.736842 -0.305382
36 747 0.03125 -3.46574
2 321 1 0
5 131 0.0263158 -3.63759
36 929 0.03125 -3.46574
20 140 0.631579 -0.459532
36 928 0.03125 -3.46574
7 126 0.342105 -1.07264
36 926 0.03125 -3.46574
5 122 0.315789 -1.15268
3 119 0.25641 -1.36098
10 124 0.657895 -0.41871
28 140 1 0
36 725 0.03125 -3.46574
36 918 0.03125 -3.46574

1 0 0.5 -0.69314718 
0 0 0.5 -0.69314718 

1 4
31 35 36 -1 
