0 0 0.1 -2.302585093
0 1 0.6 -0.510825623
0 22 0.3 -1.203972804
-1 -1 1 0
15 -1 0.008261 -4.796209633
15 15 0.391304 -0.93827
15 16 0.47 -0.755022584
15 18 0.130435 -2.03688
17 -1 0.1 -2.302585093
17 17 0.9 -0.105360515
20 -1 1 0
11 11 0.8 -0.223144
21 21 0.111111 -2.19722
21 6 0.444444 -0.81093
21 4 0.444444 -0.81093
28 1 1 0
3 21 0.25 -1.38629
5 21 0.285714 -1.25276
7 11 0.125 -2.07944
4 7 0.125 -2.07944
22 23 1 0
23 24 1 0
24 25 1 0
25 26 1 0
26 27 1 0
27 28 1 0
1 2 1 0
2 3 1 0
3 4 0.75 -0.287682
4 5 0.875 -0.133531
5 6 0.714286 -0.336472
6 7 1 0
7 8 0.875 -0.133531
8 9 1 0
9 10 1 0
10 11 1 0
11 12 0.2 -1.60944
12 13 1 0
13 14 1 0
14 15 1 0
16 17 1 0
18 19 1 0
19 20 1 0

0 0 0.00001 -11.5129254649702 
-1 0 0.00001 -11.5129254649702 
4 2 0.0625 -2.77259
7 4 0.6875 -0.374693
7 3 0.0625 -2.77259
14 1276 0.125 -2.07944
8 1270 0.142857 -1.94591
7 2 0.0625 -2.77259
10 1271 0.142857 -1.94591
6 494 0.928571 -0.074108
14 4 0.5625 -0.575364
12 2 0.375 -0.980829
16 1272 0.222222 -1.50408
5 1260 1 0
11 0 1 0
12 1 0.625 -0.470004
13 2 0.0625 -2.77259
14 2 0.125 -2.07944
13 1 0.1875 -1.67398
8 1259 0.857143 -0.154151
15 0 1 0
17 0 1 0
16 1261 0.777778 -0.251314
21 0 1 0
23 0 1 0
4 1247 0.0625 -2.77259
7 1249 0.0625 -2.77259
25 0 1 0
7 1248 0.0625 -2.77259
18 1259 1 0
7 1247 0.0625 -2.77259
27 0 1 0
22 1260 1 0
28 0 1 0
24 1259 1 0
14 1249 0.0625 -2.77259
14 1248 0.125 -2.07944
9 263 1 0
13 74 0.0625 -2.77259
13 459 0.0625 -2.77259
13 264 0.0625 -2.77259
13 455 0.0625 -2.77259
13 451 0.0625 -2.77259
19 263 1 0
2 245 1 0
10 435 0.857143 -0.154151
20 435 1 0
26 435 1 0
13 30 0.0625 -2.77259
1 752 1 0
13 762 0.0625 -2.77259
13 366 0.0625 -2.77259
13 361 0.0625 -2.77259
13 551 0.0625 -2.77259
4 915 0.0625 -2.77259
6 521 0.0714286 -2.63906
13 334 0.0625 -2.77259
4 1290 0.0625 -2.77259
4 1289 0.0625 -2.77259
4 1288 0.0625 -2.77259
4 1287 0.0625 -2.77259
4 1286 0.0625 -2.77259
4 1285 0.0625 -2.77259
4 1284 0.125 -2.07944
4 1283 0.125 -2.07944
13 520 0.0625 -2.77259
4 1281 0.0625 -2.77259
4 1280 0.0625 -2.77259
4 1279 0.0625 -2.77259
3 691 1 0

0 0 0.014286 -4.248475242
1 0 0.7 -0.356674943
22 0 0.285714 -1.25276

1 4
15 17 20 -1 
