0 1 0.47 -0.755022584278033
0 4 0.47 -0.755022584278033
0 0 0.06 -2.81341071676004
-1 -1 1 0
6 7 0.9 -0.105360515
6 -1 0.1 -2.30258509299405
7 7 0.9 -0.105360515
7 -1 0.1 -2.30258509299405
5 5 0.8 -0.223144
3 3 0.785714 -0.241162
2 6 0.222222 -1.50408
3 6 0.119048 -2.12823
2 4 0.222222 -1.50408
1 2 1 0
4 5 1 0
5 6 0.2 -1.60944
2 3 0.555556 -0.587787
3 4 0.0952381 -2.35138

0 0 0.00001 -11.5129254649702
-1 0 0.00001 -11.5129254649702
4 1269 0.016129 -4.12713
4 1268 0.016129 -4.12713
3 0 0.995238 -0.00477331
2 1265 0.0123457 -4.39445
5 0 1 0
6 1266 0.00952381 -4.65396
7 683 0.0972763 -2.3302
6 1257 0.104762 -2.25607
7 1258 0.0972763 -2.3302
2 1252 0.0987654 -2.31501
6 1256 0.0952381 -2.35138
6 1255 0.104762 -2.25607
6 1254 0.104762 -2.25607
6 1253 0.104762 -2.25607
2 474 0.0987654 -2.31501
2 473 0.0987654 -2.31501
4 850 0.016129 -4.12713
7 441 0.0972763 -2.3302
1 433 0.148148 -1.90954
7 435 0.0972763 -2.3302
6 627 0.161905 -1.82075
1 428 0.197531 -1.62186
1 427 0.358025 -1.02715
2 1007 0.0123457 -4.39445
7 428 0.22179 -1.50602
7 233 0.0972763 -2.3302
6 231 0.104762 -2.25607
6 230 0.104762 -2.25607
2 606 0.0493827 -3.00815
6 21 0.104762 -2.25607
7 209 0.0972763 -2.3302
1 381 0.296296 -1.2164
2 188 0.0864198 -2.44854
4 187 0.016129 -4.12713
4 186 0.016129 -4.12713
7 381 0.0972763 -2.3302
3 942 0.0047619 -5.34711
7 747 0.0972763 -2.3302
2 930 0.0987654 -2.31501
2 929 0.0987654 -2.31501
2 928 0.0987654 -2.31501
4 725 0.016129 -4.12713
4 724 0.016129 -4.12713
4 914 0.016129 -4.12713
4 913 0.193548 -1.64223
4 912 0.193548 -1.64223
4 911 0.241935 -1.41908
4 910 0.241935 -1.41908
2 126 0.0987654 -2.31501
2 122 0.0987654 -2.31501
2 121 0.0493827 -3.00815

1 0 0.8 -0.223144
4 0 0.15 -1.89711998488588
0 0 0.05 -2.99573227355399

1 3
6 7 -1 
