0 1 1 0
11 -1 0.1 -2.302585
11 11 0.7 -0.356675
11 12 0.2 -1.60944
14 -1 0.2 -1.609438
14 14 0.8 -0.223143
11 11 0.125 -2.07944
14 14 1 0
10 6 0.375 -0.980829
10 5 0.125 -2.07944
4 9 0.5 -0.693147
8 11 0.5 -0.693147
4 6 0.375 -0.980829
1 2 1 0
2 3 1 0
3 4 1 0
6 7 1 0
7 8 1 0
8 9 0.5 -0.693147
9 10 1 0
10 11 0.5 -0.693147
11 12 0.875 -0.133531
12 13 1 0
13 14 1 0
4 5 0.125 -2.07944
5 6 1 0

0 0 0.00001 -11.5129254649702
-1 0 0.00001 -11.5129254649702
8 4 0.75 -0.287682
6 2 0.5 -0.693147
6 1 0.5 -0.693147
8 2 0.25 -1.38629
7 0 1 0
10 3 0.25 -1.38629
10 2 0.25 -1.38629
9 494 1 0
10 1 0.5 -0.693147
11 0 1 0
12 106 0.714286 -0.336472
14 0 1 0
2 863 1 0
13 1240 1 0
4 433 1 0
5 239 1 0
1 1293 1 0
3 1293 1 0
12 1294 0.285714 -1.25276

1 0 0.9 -0.105360
0 0  0.1 -2.302585

1 3
11 14 -1 
