0 0 0.06 -2.81341071676004
0 1 0.94 -0.06187540371809
-1 -1 1 0
27 -1 1 0
12 12 0.390244 -0.940983
15 15 0.0588235 -2.83321
22 22 0.5 -0.693147
24 24 0.2 -1.60944
26 26 0.5 -0.693147
27 27 1 0
12 6 0.219512 -1.51635
41 27 0.888889 -0.117783
34 19 1 0
41 26 0.111111 -2.19722
31 15 1 0
33 12 1 0
32 9 1 0
40 12 1 0
6 32 0.5625 -0.575364
15 40 0.529412 -0.635989
3 28 0.5 -0.693147
4 28 0.5 -0.693147
12 34 0.219512 -1.51635
21 35 0.5625 -0.575364
11 23 0.5625 -0.575364
24 33 0.45 -0.798508
3 5 0.375 -0.980829
25 27 0.857143 -0.154151
39 41 1 0
1 2 1 0
2 3 1 0
3 4 0.125 -2.07944
4 5 0.5 -0.693147
5 6 1 0
6 7 0.4375 -0.826679
7 8 1 0
8 9 1 0
9 10 1 0
10 11 1 0
11 12 0.4375 -0.826679
12 13 0.170732 -1.76766
13 14 1 0
14 15 1 0
15 16 0.411765 -0.887303
16 17 1 0
17 18 1 0
18 19 1 0
19 20 1 0
20 21 1 0
21 22 0.4375 -0.826679
22 23 0.5 -0.693147
23 24 1 0
24 25 0.35 -1.04982
25 26 0.142857 -1.94591
26 27 0.5 -0.693147
28 29 1 0
29 30 1 0
30 31 1 0
35 36 1 0
36 37 1 0
37 38 1 0
38 39 1 0

0 0 0.00001 -11.5129254649702 
-1 0 0.00001 -11.5129254649702 
36 1300 1 0
4 0 1 0
9 2 1 0
11 4 1 0
10 2 1 0
41 1299 1 0
12 0 1 0
15 0 1 0
19 2 1 0
21 4 1 0
20 2 1 0
8 94 1 0
22 0 1 0
24 0 1 0
27 0 1 0
37 2 1 0
39 4 1 0
38 2 1 0
2 263 1 0
14 73 1 0
17 73 1 0
29 263 1 0
6 226 1 0
28 242 1 0
16 226 1 0
33 1202 1 0
40 628 1 0
35 226 1 0
26 381 0.5 -0.693147
26 188 0.5 -0.693147
30 188 1 0
1 1296 1 0
7 1302 1 0
3 1297 1 0
5 1298 1 0
13 1304 0.857143 -0.154151
13 1303 0.142857 -1.94591
23 536 1 0
18 1298 1 0
25 1299 1 0
31 1304 1 0
34 1306 0.444444 -0.81093
34 1305 0.555556 -0.587787
32 1301 1 0

0 0 0.06 -2.81341071676004
1 0 0.94 -0.06187540371809

1 2
27 -1 
