0 0 0.2 -1.6094379 
0 1 0.4 -0.91629073
0 3 0.4 -0.91629073
3 5 0.647059 -0.435318
1 2 1 0
2 3 1 0
3 4 0.352941 -1.04145
4 5 1 0
5 6 1 0
6 7 1 0
7 -1 1 0
-1 -1 1 0

5 2 0.794118 -0.230524
7 4 1 0
5 1 0.205882 -1.58045
6 292 0.0882353 -2.42775
6 274 0.0294118 -3.52636
4 448 0.0833333 -2.48491
6 242 0.0588235 -2.83321
6 237 0.0882353 -2.42775
6 235 0.0588235 -2.83321
6 38 0.205882 -1.58045
6 17 0.0294118 -3.52636
4 14 0.916667 -0.0870114
2 10 1 0
6 388 0.0294118 -3.52636
6 187 0.117647 -2.14007
6 185 0.0882353 -2.42775
3 367 1 0
6 167 0.0882353 -2.42775
6 132 0.117647 -2.14007
1 116 0.916667 -0.0870114
1 115 0.0833333 -2.48491
0 0 0.00223713646532438 -6.10255859461357 
-1 0 0.00223713646532438 -6.10255859461357

1 0 0.352941 -1.04145
3 0 0.547059 -0.60222845
0 0 0.1 -2.3025851

1 2
7 -1
