0 1 0.47 -0.755022584278033
0 4 0.47 -0.755022584278033
0 0 0.06 -2.81341071676004
-1 -1 1 0
7 -1 1 0
5 5 0.8 -0.223144
7 7 1 0
3 3 0.75 -0.287682
2 6 0.25 -1.38629
3 6 0.125 -2.07944
2 4 0.25 -1.38629
1 2 1 0
4 5 1 0
5 6 0.2 -1.60944
6 7 0.9 -0.105360515657826
6 -1 0.1 -2.30258509299405
2 3 0.5 -0.693147
3 4 0.125 -2.07944

0 0 0.00001 -11.5129254649702
-1 0 0.00001 -11.5129254649702
3 0 0.00001 -11.5129254649702
5 0 0.00105152471083070452 -6.85751406254539
7 683 0.111111 -2.19722
6 1257 0.111111 -2.19722
7 1258 0.111111 -2.19722
2 1252 0.111111 -2.19722
6 1256 0.111111 -2.19722
6 1255 0.111111 -2.19722
6 1254 0.111111 -2.19722
6 1253 0.111111 -2.19722
2 474 0.111111 -2.19722
2 473 0.111111 -2.19722
7 441 0.111111 -2.19722
1 433 0.166667 -1.79176
7 435 0.111111 -2.19722
6 627 0.111111 -2.19722
1 428 0.222222 -1.50408
1 427 0.388889 -0.944462
7 428 0.111111 -2.19722
7 233 0.111111 -2.19722
6 231 0.111111 -2.19722
6 230 0.111111 -2.19722
2 606 0.0555556 -2.89037
6 21 0.111111 -2.19722
7 209 0.111111 -2.19722
1 381 0.222222 -1.50408
7 381 0.111111 -2.19722
7 747 0.111111 -2.19722
2 930 0.111111 -2.19722
2 929 0.111111 -2.19722
2 928 0.111111 -2.19722
4 913 0.222222 -1.50408
4 912 0.222222 -1.50408
4 911 0.277778 -1.28093
4 910 0.277778 -1.28093
2 126 0.111111 -2.19722
2 122 0.111111 -2.19722
2 121 0.0555556 -2.89037

1 0 0.8 -0.223144
4 0 0.15 -1.89711998488588
0 0 0.05 -2.99573227355399

1 3
6 7 -1
